1024
685
476
699
433
73
641
568
736
775
182
616
450
103
62
459
66
602
963
998
710
71
819
449
473
302
384
498
443
948
6
826
525
3
387
193
518
936
799
87
599
686
281
389
766
650
382
948
370
942
385
277
365
814
691
956
45
1010
284
92
429
109
583
691
749
638
238
906
12
282
306
399
921
910
529
388
785
703
819
967
781
5
898
840
261
434
138
726
526
352
829
958
296
100
889
498
899
258
974
738
252
732
422
220
369
885
601
355
639
554
390
21
668
95
817
115
232
74
4
59
106
363
39
204
641
712
501
267
944
641
428
584
622
862
458
381
664
152
67
978
365
647
131
787
598
448
563
543
43
903
1013
253
32
45
217
48
40
866
926
79
831
532
549
430
403
332
626
721
527
217
663
848
87
331
92
689
960
276
542
549
639
943
946
649
508
364
386
675
107
403
661
1012
524
637
235
179
959
779
248
983
649
575
1006
751
923
935
266
358
232
883
126
525
755
386
567
528
723
339
810
237
436
183
292
77
1022
743
357
780
605
792
572
1010
773
635
729
272
881
864
711
359
910
412
760
948
276
347
647
164
940
922
521
938
586
99
284
369
199
552
848
120
698
969
896
611
557
1001
510
169
78
472
403
201
410
184
799
226
11
910
1000
921
279
125
752
934
114
4
174
919
106
827
540
175
571
941
429
557
794
74
984
61
615
136
407
454
197
410
671
792
863
196
355
32
1013
968
581
413
653
768
532
758
694
295
400
852
551
333
530
726
80
398
756
705
554
195
700
660
789
347
731
63
593
357
491
881
336
392
224
573
794
244
810
1000
899
764
294
92
991
780
416
833
260
456
536
700
5
53
370
398
569
224
422
505
35
461
212
735
481
441
818
582
83
314
563
614
635
882
143
818
192
866
400
726
947
728
958
740
33
67
366
205
48
277
139
500
82
691
248
866
655
62
476
614
114
869
343
747
947
457
848
970
552
194
735
186
874
708
658
547
775
618
779
686
679
816
268
497
567
71
439
657
43
291
377
863
525
731
643
404
748
173
259
430
335
442
685
55
770
894
281
785
216
1024
583
301
885
976
219
963
266
820
469
325
887
61
663
483
852
770
967
670
1015
849
310
185
938
176
514
150
354
798
491
88
535
661
839
711
160
27
355
232
64
984
186
215
349
426
439
660
696
886
890
549
685
176
912
150
652
32
554
193
284
871
919
181
801
946
530
346
1019
293
129
857
809
689
311
676
698
337
948
614
613
906
887
138
762
913
935
257
837
644
1014
67
338
613
220
756
49
215
728
903
805
934
908
183
275
80
668
933
114
834
246
478
228
751
512
493
146
768
267
422
801
619
185
585
175
556
51
465
416
834
394
813
42
192
39
666
329
262
3
344
826
853
516
434
93
234
248
653
890
534
894
581
938
541
337
479
528
154
74
1020
994
164
611
718
230
384
21
743
853
341
73
186
1012
397
946
713
850
252
685
653
865
915
601
652
519
31
796
596
90
918
929
18
808
587
381
108
765
667
230
821
603
446
689
780
907
502
620
410
35
670
299
593
66
672
328
602
924
779
767
759
644
334
205
230
994
475
731
587
131
333
2
334
444
697
609
426
731
97
692
783
239
354
649
507
459
527
1007
290
456
310
548
728
812
892
635
280
636
180
677
688
793
606
807
716
248
180
581
439
653
207
350
992
79
180
191
433
16
252
482
742
458
300
410
328
322
63
843
923
798
45
229
960
204
734
964
407
845
61
399
84
949
867
759
153
91
984
525
441
663
587
720
823
284
341
628
377
898
389
434
720
591
504
461
992
857
933
961
845
1010
437
853
741
756
974
990
535
936
649
116
602
399
232
537
442
279
48
491
672
274
320
91
462
49
893
308
249
131
469
89
442
637
407
691
652
345
581
230
260
102
63
542
924
152
1004
916
614
750
85
221
14
137
363
485
762
357
542
916
404
611
601
894
635
546
120
680
110
929
684
668
545
261
41
249
519
892
564
682
158
51
1014
172
188
170
14
228
296
520
857
172
953
631
549
628
831
562
680
634
466
660
268
381
570
944
528
855
390
595
713
765
91
502
444
577
29
162
790
994
803
626
193
194
434
752
565
791
485
537
172
274
1022
807
311
573
465
782
339
815
612
194
155
64
357
450
43
680
362
752
90
413
928
796
933
993
429
360
911
725
1024
288
773
417
24
510
812
389
469
294
334
701
268
701
646
481
789
254
417
819
956
699
509
104
329
88
425
566
500
970
770
853
878
689
554
827
876
72
781
948
713
121
435
996
364
31
942
924
404
178
145
183
585
666
518
812
730
601
47
951
149
7
421
557
451
527
623
279
800
644
168
379
384
873
430
201
1009
152
