1024
541
439
615
999
1011
338
803
438
404
906
715
432
719
525
923
717
291
181
935
264
308
914
687
81
977
708
164
924
616
542
851
200
882
505
419
250
871
337
804
717
929
785
842
951
806
536
347
907
356
79
535
857
496
959
868
779
740
873
446
286
142
423
852
592
704
723
221
636
47
201
42
335
912
888
133
389
437
328
213
819
826
438
919
881
325
894
17
246
767
946
524
363
446
538
826
635
568
481
329
549
50
821
755
37
652
356
647
974
835
532
382
984
727
220
779
259
834
72
784
896
798
651
925
702
181
987
136
336
11
301
930
387
230
972
980
636
453
486
289
758
101
720
713
951
75
419
935
923
836
919
724
886
705
715
69
1001
67
811
157
702
589
590
268
568
49
515
859
870
616
411
79
987
517
458
27
237
12
982
32
722
349
635
518
559
230
855
518
914
777
105
269
790
880
872
630
476
975
269
464
537
485
399
20
717
154
338
282
353
524
816
926
572
238
646
782
131
238
734
744
20
919
1012
840
590
392
554
181
475
390
122
1014
404
302
664
125
145
239
1010
256
828
704
952
262
351
488
261
69
978
474
128
188
32
239
544
211
99
715
82
235
24
722
854
516
214
435
348
353
420
990
977
865
171
574
289
849
1017
14
836
69
255
811
713
413
635
421
839
786
439
400
1004
31
521
382
295
143
806
135
717
702
693
531
850
969
963
221
846
346
409
727
650
381
307
998
175
878
384
126
954
892
526
1006
717
773
280
873
344
2
912
767
1001
123
103
43
216
415
666
662
556
616
455
580
90
596
379
845
281
59
990
14
970
901
469
61
668
693
809
541
777
227
290
590
348
716
791
756
674
66
817
993
373
297
1021
461
473
331
780
167
698
507
56
798
1
183
217
151
329
83
430
891
442
911
755
907
1023
361
946
781
810
844
936
215
275
183
42
346
163
254
731
826
142
652
266
129
109
120
851
824
211
142
564
305
202
156
29
11
183
117
635
324
168
555
551
469
250
1011
405
129
437
928
549
524
357
20
256
740
402
102
345
632
742
155
633
194
883
122
960
231
88
989
76
636
403
106
218
726
172
486
1017
781
712
989
494
103
22
70
703
220
982
439
781
85
345
344
979
61
298
949
222
921
962
917
404
775
61
366
404
53
89
420
738
182
240
25
827
403
873
345
190
342
889
539
144
846
532
941
42
294
293
683
674
280
960
891
788
5
726
146
683
564
924
490
501
329
416
725
824
186
592
306
459
749
183
762
463
351
743
170
223
303
725
440
25
704
301
951
293
493
1000
395
570
239
638
476
205
65
553
615
789
296
907
443
40
76
13
470
756
233
435
298
932
543
424
401
120
429
240
23
147
386
447
935
545
198
181
72
727
395
1016
384
969
521
488
264
718
83
500
9
52
1005
68
592
545
426
169
642
695
827
956
182
480
891
672
589
166
444
549
103
1013
230
51
649
590
618
129
248
6
397
639
808
391
234
148
262
436
407
897
304
529
136
690
374
451
157
238
317
981
48
670
248
897
481
100
996
4
473
478
913
661
700
544
158
778
485
74
578
48
893
371
476
362
723
577
577
168
418
748
946
442
71
539
229
294
59
463
12
496
838
243
674
239
719
294
498
222
320
344
738
766
325
419
285
8
827
930
844
817
850
789
283
108
582
72
896
136
966
467
375
251
543
192
99
480
39
1023
130
779
256
416
1005
953
105
945
868
217
802
894
51
529
549
964
293
549
623
252
868
317
35
430
689
597
376
982
695
969
440
785
486
444
906
719
625
49
755
727
281
782
968
681
316
469
777
816
821
225
233
58
949
722
262
732
546
816
130
333
872
382
547
642
879
291
741
736
840
464
574
622
738
476
560
517
599
765
696
975
678
710
476
436
864
199
563
690
583
165
656
1008
168
331
62
728
677
278
376
953
916
560
56
431
280
30
927
641
860
572
478
1008
784
475
399
328
348
756
896
615
410
916
727
626
118
526
655
47
268
463
363
783
30
769
670
42
18
278
376
216
42
29
283
451
962
77
75
736
168
193
112
876
652
348
138
952
150
572
1002
807
31
878
264
741
476
425
798
273
157
969
194
469
269
320
316
980
129
17
571
565
45
465
221
783
936
744
707
686
792
125
792
1017
307
505
603
200
490
3
856
978
736
864
708
619
440
567
771
138
114
860
905
844
765
439
110
668
848
323
213
563
497
851
656
763
502
377
941
725
302
864
285
949
891
746
195
895
583
908
798
491
815
75
127
470
14
31
733
924
1
415
539
239
804
365
348
129
942
574
843
724
182
417
558
1
743
379
11
447
669
508
560
665
72
224
334
436
584
135
979
821
49
307
397
505
152
341
535
253
987
58
