1024
349
550
801
199
379
689
57
1003
88
282
410
371
411
704
166
747
320
268
335
728
673
213
584
140
132
145
885
815
432
26
860
204
465
390
905
315
43
183
781
112
457
67
172
90
284
941
773
963
752
1023
884
841
649
470
149
784
13
370
674
26
735
1012
690
331
258
739
387
969
719
398
864
1013
109
907
215
340
645
301
188
678
331
653
234
408
777
770
751
607
101
839
556
661
60
320
411
251
442
135
943
814
460
729
348
232
559
974
969
566
268
953
249
224
259
170
604
669
626
968
879
650
301
319
474
575
737
595
262
763
720
74
154
506
325
499
237
382
261
529
770
137
71
1021
719
899
822
658
130
735
823
914
51
998
624
534
266
712
94
440
522
649
809
43
750
750
471
114
613
970
690
834
27
582
841
577
339
987
110
5
943
855
900
513
835
676
1002
236
879
15
454
499
478
741
404
564
323
250
895
935
444
511
231
118
194
244
384
776
965
794
451
245
200
142
451
625
742
763
384
174
173
394
197
385
385
850
242
53
556
642
758
278
781
627
450
656
631
593
633
746
225
658
987
372
40
833
92
86
234
288
776
79
67
825
615
698
536
785
13
41
45
663
81
579
600
862
749
630
721
5
316
539
50
854
966
356
639
56
405
831
933
363
65
749
482
145
51
44
203
324
478
19
514
928
4
197
5
757
608
315
892
15
336
358
97
697
547
234
114
20
973
622
301
980
316
814
271
375
878
64
617
274
265
513
536
144
575
464
959
883
446
986
535
990
536
241
223
464
992
954
635
929
355
422
865
210
402
96
357
417
377
375
99
478
162
999
821
1007
942
752
500
751
795
854
25
300
692
377
161
529
466
524
327
926
147
60
130
129
330
318
629
182
916
588
946
720
839
932
977
178
91
457
666
966
51
123
814
492
706
822
674
114
226
931
349
185
982
420
698
796
59
232
996
623
826
305
336
781
997
799
668
325
174
921
491
48
724
96
242
926
347
726
543
588
482
172
884
919
352
327
1012
221
520
583
330
661
450
180
643
478
372
136
536
158
298
501
935
589
212
997
733
18
503
194
573
246
433
252
1018
261
964
712
608
482
701
79
569
192
100
794
46
621
668
443
253
361
496
623
80
88
59
47
695
269
1002
382
487
362
252
144
945
457
273
386
54
650
568
510
595
220
145
801
928
35
592
185
411
578
894
590
945
177
667
496
511
33
676
355
73
228
190
848
786
630
981
236
850
755
32
567
307
615
891
767
454
493
847
878
754
499
527
788
534
343
529
611
584
788
341
230
152
222
476
363
714
1009
599
116
468
860
110
8
614
332
717
359
985
822
167
973
825
827
507
604
883
170
44
616
315
954
872
147
427
567
267
668
859
687
767
928
513
39
741
651
367
298
880
161
754
779
243
981
318
199
983
346
993
204
775
749
85
954
35
240
737
650
812
771
378
952
1009
529
483
310
914
93
518
432
812
816
1010
218
826
363
898
344
948
474
923
992
100
262
331
170
750
606
826
696
299
619
437
899
972
767
876
780
531
202
953
669
771
911
59
980
559
704
185
926
481
289
643
103
507
401
418
118
841
337
413
30
998
265
140
729
173
509
205
428
596
675
553
932
119
49
186
775
213
396
883
600
779
175
226
104
458
372
759
213
52
605
344
992
33
666
693
660
240
631
33
381
42
259
205
132
198
935
637
453
442
1010
556
59
827
507
707
519
415
480
764
852
332
490
412
861
659
836
154
862
812
1008
905
675
859
687
883
276
363
115
694
832
24
986
924
1003
758
662
54
940
853
909
792
427
456
92
287
953
93
757
796
436
372
484
260
325
1014
692
378
213
956
215
639
716
633
824
555
56
607
969
338
861
178
957
262
458
289
591
860
567
527
390
656
675
572
972
701
428
442
6
666
926
206
844
758
892
977
9
187
1005
534
822
562
898
942
794
568
300
648
23
819
989
196
792
959
711
977
276
738
32
82
457
636
276
596
641
284
134
770
83
447
411
569
570
758
581
519
697
145
449
365
579
1002
559
292
884
808
689
157
295
836
172
982
674
129
270
379
226
507
320
701
485
928
13
832
586
930
466
396
950
333
264
287
344
106
533
6
718
350
831
747
933
571
955
1003
482
127
821
912
178
703
225
541
757
316
474
387
274
97
82
59
726
573
210
231
440
964
278
621
225
780
290
286
7
451
342
131
581
479
801
506
174
152
611
940
323
296
523
310
954
321
51
955
297
259
769
76
988
329
59
263
468
206
286
379
386
31
462
381
717
64
188
513
811
127
348
639
731
460
764
714
0
600
867
544
935
795
262
627
51
983
173
210
403
792
964
640
961
788
367
678
646
856
931
294
663
912
200
