1024
324
9
827
1017
790
613
812
682
258
964
469
498
181
1020
291
992
172
925
913
402
282
328
268
466
962
58
252
467
866
797
648
341
914
9
639
420
927
238
713
666
523
194
1011
750
706
487
12
747
473
198
961
650
482
807
253
421
408
231
799
757
489
184
236
602
824
490
213
300
741
766
578
528
992
347
298
648
988
175
705
109
788
56
262
413
424
1005
692
479
608
845
491
164
819
996
133
113
169
350
326
548
181
589
49
472
509
151
903
828
673
217
737
142
718
990
60
88
578
754
614
399
905
27
372
808
85
755
162
438
22
646
673
51
177
980
745
833
866
334
257
988
513
647
491
892
762
362
648
96
377
908
195
997
543
81
373
860
441
84
205
38
403
271
1024
695
648
292
244
832
877
549
951
718
156
567
308
295
491
740
215
875
261
236
564
1018
852
154
560
432
54
600
167
520
404
211
99
384
505
911
215
783
350
555
337
685
292
5
588
423
501
505
1
740
623
676
792
200
151
492
885
717
118
839
876
356
44
440
665
24
729
99
240
941
54
0
34
554
602
172
697
312
271
137
292
111
947
1021
8
371
765
301
310
843
822
392
175
40
371
917
467
506
200
266
981
572
858
688
484
971
755
32
957
988
431
127
267
418
570
33
378
288
949
783
854
954
319
866
1024
137
479
551
208
759
926
684
1013
999
522
273
153
553
402
757
784
406
523
945
229
39
3
696
984
730
1012
111
539
192
815
852
161
191
392
350
693
628
700
750
919
410
843
458
592
1012
268
377
518
692
29
996
368
418
667
708
903
465
270
571
310
759
468
892
564
712
199
246
595
46
570
721
383
136
642
973
220
944
9
1020
521
805
606
776
1005
902
992
996
292
251
58
331
193
716
492
599
48
164
919
246
705
917
415
980
6
426
727
537
606
982
351
740
192
766
744
734
265
861
353
342
295
914
654
613
192
261
8
574
487
125
625
307
736
107
195
882
384
604
911
827
187
822
919
603
904
632
1016
336
508
777
256
597
993
149
354
603
255
570
264
388
770
126
337
335
443
558
817
741
152
896
979
587
485
81
362
772
950
371
968
24
899
989
46
631
505
776
495
557
369
729
382
638
709
698
150
345
581
139
191
865
951
571
749
496
982
449
450
255
763
82
150
314
709
899
238
208
945
565
334
648
599
932
590
921
236
294
93
270
890
744
282
634
342
923
998
318
111
532
827
172
703
736
130
650
148
921
243
210
453
297
217
102
885
307
41
771
172
511
260
54
63
283
1024
351
977
174
553
724
509
1003
128
612
131
393
491
422
522
467
450
492
103
729
430
109
188
1013
919
805
435
836
685
744
933
661
283
381
470
717
227
416
531
476
80
640
421
33
721
155
9
891
304
872
71
635
263
947
551
169
363
614
841
827
406
165
127
792
75
30
430
721
834
156
720
631
377
372
917
704
437
323
926
653
228
173
456
814
67
758
950
1000
654
776
268
943
484
383
496
508
287
680
478
474
146
592
569
90
666
883
993
418
154
357
443
91
693
226
330
1012
98
773
371
572
855
909
599
782
984
339
737
782
854
639
222
268
996
463
606
574
611
234
13
234
452
723
833
655
108
905
870
980
706
187
853
39
237
529
700
814
950
1003
579
463
706
227
326
402
135
508
248
620
950
552
379
126
854
879
309
708
899
0
137
537
131
223
310
607
942
271
422
584
451
252
786
473
772
787
352
89
462
388
9
966
292
915
448
139
951
261
134
651
452
356
322
438
745
135
799
366
97
735
633
602
519
140
50
726
977
680
949
664
681
835
443
192
369
370
558
322
268
369
592
908
266
847
465
449
822
52
252
533
997
469
209
392
230
620
210
39
234
219
675
324
685
576
993
6
851
8
77
664
381
699
881
834
740
277
754
372
684
277
744
167
739
97
6
539
650
601
935
451
519
737
226
412
204
305
119
54
396
982
386
168
852
629
213
861
300
492
217
977
593
967
161
496
540
148
967
479
795
95
975
726
718
585
196
196
62
729
356
966
726
311
870
916
183
643
882
387
371
289
55
1020
906
303
595
622
541
280
827
776
739
22
83
862
788
100
180
931
119
551
214
348
469
102
880
927
1013
242
97
816
408
580
336
222
863
551
1009
692
968
21
547
941
556
387
998
656
642
607
821
869
112
503
132
922
324
441
780
146
821
863
139
497
844
125
197
457
855
912
341
908
939
1011
955
522
260
119
480
87
241
415
707
315
896
306
655
241
1003
421
929
671
197
945
252
909
47
853
783
432
90
569
647
339
681
752
948
0
952
179
229
19
460
941
467
542
223
655
256
75
131
122
719
503
692
991
623
380
534
494
159
973
979
768
883
157
373
911
346
952
