1024
58
857
516
636
656
981
216
330
379
362
280
797
332
969
283
408
281
980
703
936
758
887
239
332
146
502
177
923
138
85
830
805
146
187
415
95
171
440
76
332
590
565
785
291
419
933
925
397
383
354
622
559
682
714
517
177
293
373
645
97
278
891
545
450
430
295
386
218
711
525
619
328
541
706
469
1018
604
381
761
474
379
763
23
394
424
820
606
579
227
264
86
1010
821
724
910
503
63
418
1
869
729
326
871
100
59
735
640
568
130
111
474
42
969
892
992
829
121
774
996
700
345
645
349
641
437
845
151
1016
204
707
850
942
827
852
736
401
80
523
678
593
293
986
792
695
698
340
587
228
747
82
74
834
10
883
238
189
1000
598
473
894
978
305
484
255
462
138
196
937
538
53
893
689
410
699
438
831
277
901
950
982
270
397
408
193
719
457
604
751
195
253
62
174
544
422
549
731
181
284
237
460
266
289
628
475
667
146
71
1002
374
157
92
384
826
170
412
17
755
788
278
439
870
180
192
854
60
234
607
188
538
351
834
711
232
62
185
622
422
99
456
682
620
835
185
875
331
1023
532
627
567
267
104
400
752
621
34
907
675
987
217
566
1005
361
886
430
271
370
984
671
895
367
293
376
636
615
257
823
897
450
234
173
531
349
924
715
616
922
791
331
547
738
1018
632
126
369
362
351
305
110
279
253
366
760
278
539
98
142
423
509
483
42
1015
948
82
516
534
502
248
334
668
128
769
732
543
326
425
463
237
255
211
249
443
18
98
35
97
701
653
173
731
401
123
402
286
127
629
110
827
916
434
223
926
282
535
152
426
512
457
668
539
862
946
714
807
607
429
85
535
339
961
300
298
830
891
1009
530
53
529
603
618
3
971
867
694
787
1013
148
181
1023
706
49
122
884
348
357
696
542
551
662
248
989
599
256
189
135
757
418
207
898
177
442
706
989
539
559
264
654
284
994
505
722
699
651
0
97
344
196
459
514
813
554
977
34
317
691
509
749
773
224
805
922
1014
10
988
878
997
604
810
824
584
735
876
516
961
548
143
242
863
144
439
120
416
603
377
50
696
286
364
964
938
969
744
381
369
799
238
864
72
354
505
323
998
607
958
249
3
793
471
56
736
99
948
5
679
594
216
552
415
779
780
156
263
216
479
499
719
153
334
1014
563
26
644
144
663
837
256
814
379
393
1010
273
896
8
337
745
846
345
161
997
95
757
891
767
806
494
510
525
428
590
109
489
240
33
386
294
790
517
415
21
610
499
650
673
214
828
962
985
228
636
1014
821
412
969
786
77
596
361
259
676
894
512
376
367
885
593
957
724
461
899
35
799
217
53
405
950
659
426
113
293
65
294
353
621
12
35
491
514
644
394
219
251
492
295
1020
788
247
39
550
467
895
116
661
978
711
178
182
872
56
785
136
345
640
101
991
809
540
724
154
400
976
146
864
446
661
457
799
862
119
705
383
485
162
385
917
429
597
941
1023
118
350
833
399
726
223
904
597
914
621
633
882
133
562
164
600
513
810
349
615
715
244
830
662
789
452
897
325
42
434
357
809
556
402
441
231
55
99
476
889
404
950
483
672
70
525
996
950
707
275
459
278
467
440
764
646
375
965
763
515
670
756
481
545
826
150
618
980
1010
567
627
556
811
96
948
690
595
810
180
315
234
493
174
653
200
461
829
469
200
729
203
72
143
19
390
157
700
450
247
913
114
840
124
347
567
815
701
975
33
466
347
181
390
875
944
518
83
69
290
410
303
1005
412
621
389
847
152
674
950
224
274
410
31
235
877
964
226
662
385
606
804
535
961
30
367
785
204
763
216
55
463
630
666
896
553
677
251
651
800
960
244
403
641
838
376
1017
566
108
256
352
759
706
226
1009
619
287
456
667
367
161
690
189
647
343
224
518
830
835
617
13
356
53
399
816
214
490
758
429
75
492
142
492
449
346
705
920
866
458
891
860
887
621
630
216
174
826
36
42
346
724
284
487
911
909
133
418
1018
696
810
782
196
835
401
751
152
645
570
301
239
963
859
823
146
974
177
974
331
199
80
684
363
932
190
552
521
415
157
42
898
830
124
320
725
834
472
753
546
602
226
181
351
246
646
904
640
1010
428
134
420
725
342
509
17
987
175
745
254
625
267
702
823
199
340
370
437
163
922
146
280
402
8
571
699
865
482
509
753
546
517
595
737
613
818
680
543
479
138
581
121
436
166
165
723
158
74
116
190
627
150
645
66
64
338
493
880
138
637
92
935
486
533
7
617
39
489
362
51
49
898
607
201
873
628
417
542
38
951
959
744
903
761
817
604
694
512
992
395
650
302
992
596
642
655
253
328
281
361
