1024
859
358
830
130
192
273
808
635
842
401
787
212
779
840
333
921
0
616
690
790
213
211
386
988
194
339
617
316
967
385
301
90
295
102
836
534
558
1010
392
530
509
673
217
8
299
272
269
498
861
781
701
296
241
988
150
14
438
5
463
676
955
110
345
852
944
868
471
963
499
971
555
194
887
363
800
569
179
901
289
841
71
185
1010
273
720
225
257
712
937
257
446
31
577
101
679
19
921
930
770
986
474
439
638
98
847
611
241
213
724
697
593
51
309
765
41
737
561
756
650
934
17
760
806
236
561
924
935
361
292
732
751
109
952
668
2
633
154
473
321
202
74
615
248
378
84
353
422
716
771
237
174
602
67
53
826
107
592
1010
799
501
113
584
400
978
369
904
145
224
748
117
839
905
483
692
488
982
20
840
650
292
286
495
737
741
366
830
757
412
397
847
909
72
573
918
831
58
214
368
407
321
339
664
573
546
147
940
389
15
703
75
222
544
74
229
263
151
258
623
950
1024
713
933
927
870
638
11
981
957
933
310
180
341
891
154
230
486
258
261
139
706
731
930
692
501
91
195
640
887
103
126
575
631
173
783
475
479
460
331
883
208
999
963
865
713
109
817
681
8
32
735
907
186
622
279
572
186
306
102
761
789
230
956
987
135
595
881
187
635
121
205
577
395
884
581
904
890
945
678
623
445
717
321
775
661
24
1009
368
712
701
726
507
824
965
656
406
307
607
726
785
973
694
997
104
7
1010
410
617
275
168
927
874
56
500
28
955
286
536
944
621
86
183
833
832
918
643
925
131
994
933
788
829
188
271
29
474
701
848
678
475
309
627
603
142
208
557
843
565
279
714
970
854
416
745
61
568
983
608
314
475
919
289
553
1020
992
942
733
682
936
879
628
841
399
175
879
310
155
159
720
761
782
134
946
594
736
358
272
649
977
183
511
634
955
419
543
1018
0
762
479
819
289
538
507
112
2
631
876
65
208
477
696
673
3
385
754
334
49
978
160
1004
814
739
52
929
855
2
259
411
983
855
571
852
327
328
568
713
575
865
666
180
682
774
758
472
107
78
236
635
465
539
452
432
424
566
642
599
466
742
145
889
525
293
417
785
631
672
21
1017
488
641
380
503
897
166
874
292
294
796
285
15
30
28
917
955
747
5
838
969
600
385
747
94
351
132
409
722
751
52
162
417
176
873
173
729
110
954
58
315
713
87
795
999
792
417
281
355
722
448
246
262
1012
595
508
688
154
525
869
614
175
933
184
340
126
327
127
685
689
292
279
651
536
586
563
66
796
638
287
633
201
178
516
773
529
106
986
292
602
505
191
511
535
733
346
155
711
903
385
75
899
412
570
468
1002
859
523
806
109
662
671
607
241
551
281
800
990
673
575
583
365
188
733
439
327
983
917
275
368
367
56
753
3
545
900
912
228
459
486
702
813
441
184
236
664
867
120
566
135
958
853
186
114
649
873
425
132
57
92
112
562
646
227
448
400
898
223
71
448
1022
346
248
926
966
595
367
445
523
667
365
830
629
266
789
540
974
937
471
529
471
110
56
692
493
57
961
361
631
610
220
774
78
988
42
485
164
612
970
529
800
535
495
848
489
343
994
362
215
316
650
49
722
273
488
177
805
621
1022
144
1003
1000
389
463
280
245
590
582
12
964
850
824
62
346
202
1009
167
542
448
175
493
410
940
234
182
790
819
499
359
71
425
101
207
375
813
614
178
1003
384
263
482
408
982
226
642
714
786
81
459
360
839
751
919
564
333
676
351
916
445
22
15
522
985
524
489
767
595
488
370
120
935
560
502
719
179
758
899
262
447
933
1021
297
799
700
502
114
935
901
757
846
771
230
659
83
393
744
999
150
876
192
423
470
807
584
70
605
452
232
84
614
560
320
561
895
969
734
428
504
721
436
746
846
182
513
69
854
473
1022
994
512
835
975
962
946
529
312
127
834
625
702
648
349
326
23
811
525
985
521
692
1
717
926
834
168
91
309
85
993
13
659
676
870
564
960
524
340
566
875
632
70
635
975
847
116
74
963
442
804
504
743
425
35
959
810
490
89
909
67
562
571
755
1007
228
153
278
341
719
606
494
266
565
155
311
66
17
527
9
791
218
121
196
77
737
1003
465
741
158
807
988
218
292
740
502
311
901
407
112
286
112
553
821
578
873
828
655
883
570
202
501
397
853
78
690
231
657
157
243
187
327
544
779
188
179
564
1005
920
885
645
193
29
305
73
76
865
499
746
482
329
783
795
707
607
1024
77
649
848
298
1021
345
796
443
573
629
380
35
222
14
120
402
816
667
711
915
43
796
147
446
722
709
353
978
847
1007
166
414
649
678
624
