1024
525
782
57
1016
399
365
345
407
107
271
847
119
103
630
789
419
808
738
247
741
955
30
259
486
452
598
56
970
677
285
174
708
91
769
529
725
589
67
414
180
906
890
436
189
661
562
299
569
939
814
785
221
80
870
333
258
134
864
848
676
511
249
184
900
184
393
865
790
585
596
466
677
358
963
70
547
100
789
691
703
300
808
520
114
728
15
139
470
125
266
901
97
807
343
713
186
54
31
464
84
479
710
768
43
490
604
972
831
363
757
30
776
725
675
363
798
424
836
507
844
920
465
886
359
992
574
337
1010
947
81
789
457
422
231
631
539
294
11
250
581
251
12
350
722
884
297
249
535
855
501
218
26
1003
102
498
535
327
988
612
833
81
0
246
681
524
907
356
369
758
334
122
420
702
58
710
491
547
598
129
721
620
310
72
807
823
881
442
656
274
609
52
73
704
133
268
646
857
455
280
759
862
693
773
908
500
484
138
110
420
412
935
700
335
610
870
835
932
363
351
879
176
423
278
286
52
909
290
176
590
760
676
902
586
228
355
613
570
755
767
514
291
706
537
742
603
599
434
875
803
229
932
234
392
520
801
860
368
663
753
114
837
479
858
994
978
88
80
152
771
404
570
634
916
324
926
249
71
536
562
588
944
165
858
859
283
870
137
268
955
892
37
279
657
483
106
220
979
481
119
72
956
989
627
439
979
180
999
542
324
783
39
702
782
773
776
786
226
517
935
1001
967
903
635
516
253
494
811
885
566
482
631
24
1004
965
1
905
231
216
698
922
1017
521
726
935
904
724
418
127
593
498
691
435
654
119
960
637
688
305
143
118
780
278
827
581
785
937
767
1001
449
266
975
781
742
56
355
983
726
663
462
1010
722
797
966
127
309
997
402
512
69
674
525
155
622
12
868
267
100
333
965
670
374
283
746
374
71
694
791
559
788
231
548
464
9
473
314
523
168
857
419
1005
565
377
220
231
0
840
928
740
951
759
622
896
715
111
901
113
720
702
822
411
555
82
365
580
823
515
301
33
445
114
465
860
239
215
500
527
14
898
177
546
49
725
790
592
230
707
424
344
236
273
201
212
524
893
641
432
495
983
473
187
403
231
943
965
253
929
749
273
590
328
873
250
409
695
571
764
702
899
206
318
257
793
828
705
175
222
1003
149
451
891
380
383
274
545
286
155
704
286
159
668
732
286
73
506
810
244
1019
321
782
659
194
440
397
477
405
532
23
836
102
819
1019
246
565
94
297
446
916
305
690
61
136
903
416
923
39
848
119
937
114
295
282
847
320
20
296
594
834
495
593
304
735
481
568
88
643
824
725
369
275
181
360
82
963
218
682
395
968
868
208
211
4
646
946
354
533
416
547
427
846
222
304
283
466
250
469
436
70
987
789
708
786
658
847
52
874
842
467
849
960
157
1021
635
688
256
492
80
702
966
742
228
262
507
689
464
14
210
69
288
513
29
727
851
888
559
171
802
252
950
829
387
214
286
315
713
216
132
650
980
844
938
531
316
954
1008
219
465
83
443
791
731
437
488
816
177
988
722
574
60
378
748
690
206
996
905
6
975
703
240
178
887
798
754
551
954
598
397
415
917
304
35
942
742
454
783
220
103
549
989
94
620
577
455
71
467
368
505
976
959
136
559
858
701
548
702
373
388
109
470
756
485
424
88
938
327
87
337
291
49
976
175
893
251
82
304
986
294
598
746
65
178
602
1015
347
348
995
107
651
939
240
922
732
837
44
673
97
556
913
669
181
384
708
164
34
733
304
475
399
820
831
178
161
138
122
587
442
706
106
341
976
803
848
402
832
614
929
869
839
421
439
204
170
507
159
759
692
839
446
201
310
219
232
392
107
424
815
190
901
719
770
756
995
323
673
680
534
438
664
742
482
968
241
423
517
862
781
796
972
339
894
714
711
657
1023
1019
791
469
672
877
432
217
956
635
251
746
534
432
377
979
1018
421
407
175
938
771
431
760
1003
103
960
996
917
184
579
223
318
538
82
894
791
515
796
139
575
315
459
315
230
398
815
881
570
1022
0
92
1000
704
157
689
232
520
765
605
776
831
949
101
344
657
837
117
188
120
689
390
547
166
189
381
646
304
325
794
98
523
627
788
23
716
972
993
932
909
554
905
864
882
782
438
266
872
945
756
990
658
928
863
817
549
52
124
462
818
438
331
233
98
669
222
547
229
31
57
494
62
424
727
419
500
42
412
294
805
208
245
133
33
195
414
287
737
718
941
565
638
639
217
697
826
420
460
119
754
713
350
361
869
496
764
795
982
785
114
591
40
566
186
801
262
286
4
922
64
734
963
757
523
427
43
108
738
329
496
354
712
