1024
872
448
766
24
41
701
241
856
735
461
30
253
26
399
406
973
948
331
985
753
307
16
475
41
233
145
209
127
207
606
529
40
963
828
152
142
680
335
689
583
820
589
697
1014
998
835
43
500
843
239
47
743
692
451
582
154
274
700
901
656
405
836
913
888
411
101
874
589
768
200
302
233
457
553
734
501
320
712
497
496
451
90
144
589
309
801
486
931
76
452
558
768
638
643
579
251
630
119
1006
156
640
491
82
1012
838
885
66
271
89
17
396
853
653
198
851
526
981
787
650
990
311
527
529
536
443
454
739
577
75
682
635
585
564
360
48
10
96
228
569
831
325
736
592
457
422
939
748
858
496
112
647
990
706
1023
235
5
382
802
629
202
130
626
928
646
845
93
163
427
480
105
74
677
116
801
787
203
670
569
452
868
647
510
893
585
876
978
49
154
1021
59
520
560
306
770
996
138
824
854
398
390
127
144
504
388
508
172
698
13
311
452
643
807
248
686
885
443
520
516
275
44
938
770
659
30
935
9
937
850
775
874
830
32
199
964
670
454
529
812
109
790
290
985
899
961
135
349
160
163
344
688
343
665
603
372
244
54
504
115
904
510
11
317
329
534
947
74
431
411
266
690
740
385
580
418
828
599
53
183
185
456
1008
650
575
64
678
285
597
1008
436
1003
949
949
857
482
1007
1015
460
106
729
757
797
769
314
737
14
134
29
977
869
949
451
931
177
389
355
265
644
1011
904
245
149
436
250
867
578
535
758
646
1011
611
354
12
97
4
630
731
617
492
175
379
347
314
459
227
597
81
23
253
43
1019
358
199
74
244
895
86
508
648
625
543
691
212
201
767
273
346
358
265
231
788
851
107
284
1019
678
14
863
765
6
108
504
709
308
284
659
329
1023
357
957
78
602
881
715
505
135
495
390
809
324
253
882
348
675
407
528
758
659
958
712
527
661
846
546
594
960
895
316
498
721
491
154
15
659
798
267
41
44
709
506
261
176
572
416
545
274
572
860
215
825
670
791
465
289
409
710
108
510
397
456
551
102
229
525
734
808
448
534
412
771
972
619
722
758
126
796
700
270
859
72
152
680
820
774
678
321
943
577
782
205
221
584
386
328
345
301
345
14
998
699
193
206
727
853
157
711
853
959
128
251
507
992
255
763
23
384
206
101
370
655
986
373
761
30
789
471
655
820
110
324
561
926
10
171
603
180
517
832
546
820
227
888
841
395
256
532
982
255
169
1014
780
559
196
167
414
287
625
718
886
317
248
656
313
370
419
590
19
747
753
871
225
311
243
732
115
86
858
478
305
80
688
372
170
801
941
893
576
783
678
65
801
195
988
67
364
253
20
292
610
567
823
554
735
374
605
408
627
942
731
77
642
593
796
635
544
933
607
729
616
899
862
766
168
677
462
533
939
757
390
150
844
697
698
608
959
943
555
597
639
670
637
865
659
399
577
61
967
540
693
935
1011
96
960
841
841
125
944
8
76
31
121
35
187
147
362
809
792
943
514
853
378
149
263
317
6
202
113
137
441
137
662
795
52
866
852
450
517
814
622
552
1022
277
785
838
255
42
742
879
152
248
776
820
167
131
302
915
339
691
540
131
986
335
948
500
211
525
281
674
996
51
741
72
895
671
1001
398
557
416
790
547
995
892
668
101
273
440
532
123
259
522
910
459
625
660
16
313
908
574
208
696
50
144
474
646
805
406
283
584
542
314
496
578
108
730
540
343
999
900
582
534
473
417
301
471
393
668
345
505
464
413
374
558
449
390
36
199
956
614
288
248
848
799
828
719
452
679
707
144
538
282
222
527
583
1022
835
537
275
877
392
268
327
488
675
424
966
119
677
763
451
521
589
283
871
917
743
695
936
744
553
112
197
398
136
633
250
1011
528
25
359
880
646
886
877
233
909
385
381
616
554
313
463
270
753
584
235
708
144
241
432
784
385
879
294
82
22
369
144
68
565
284
638
235
485
575
529
64
903
591
454
156
913
867
138
81
380
973
427
245
68
124
839
774
543
28
62
126
652
188
927
940
944
732
120
491
457
572
665
442
546
126
998
122
928
353
660
131
57
306
984
595
442
65
44
610
336
229
791
294
665
650
174
173
792
717
859
183
992
138
703
759
619
118
712
745
879
841
95
546
337
473
361
808
214
849
1015
234
161
75
732
450
793
144
605
579
166
574
848
926
516
528
20
423
1003
728
410
367
896
244
661
576
874
348
187
928
363
133
558
601
281
172
158
363
789
241
831
791
206
693
102
168
543
955
28
941
490
1020
914
277
226
650
466
349
195
814
945
999
889
738
627
600
95
156
375
857
291
437
507
417
961
402
691
582
487
674
113
