1024
800
795
50
956
156
968
253
694
845
347
259
645
912
710
508
496
307
430
520
645
458
255
935
514
1007
571
927
802
250
508
229
72
985
567
560
311
491
200
211
970
484
790
582
838
932
447
595
611
735
595
16
12
721
16
919
733
891
780
644
871
425
691
349
386
883
721
837
13
889
717
710
697
288
38
427
183
853
24
145
898
198
769
700
616
236
876
255
956
138
813
147
311
640
966
662
778
882
271
418
485
483
902
138
732
376
954
66
939
726
632
398
897
569
498
638
344
781
760
927
502
339
1006
267
875
408
903
863
289
337
288
922
213
623
147
1001
936
858
226
857
221
482
346
465
207
705
261
840
200
12
499
807
766
125
610
811
229
174
188
600
71
615
725
865
643
457
911
664
46
845
727
62
314
123
367
563
443
479
640
398
84
813
79
824
37
112
901
530
89
461
481
594
153
98
646
779
221
328
516
548
32
467
117
998
410
690
863
861
174
783
107
326
2
794
339
963
667
935
147
258
228
774
423
497
655
138
45
269
482
397
404
133
648
870
285
990
737
88
898
523
977
421
213
775
935
775
188
108
999
152
628
797
272
562
657
1000
637
128
1006
894
796
960
983
842
752
88
917
282
448
401
712
777
422
303
498
677
770
433
569
199
305
437
621
967
1016
373
796
761
185
413
459
117
674
178
599
43
157
342
841
239
823
577
376
722
113
305
442
153
515
576
306
153
32
388
364
546
63
637
565
444
433
371
530
619
538
415
693
249
757
677
776
145
16
603
106
630
656
301
586
285
131
930
353
954
437
647
198
342
216
926
546
823
434
335
146
890
917
811
647
850
308
225
551
310
295
473
14
594
605
120
454
42
589
207
599
461
878
793
337
199
163
663
412
479
231
726
416
442
176
673
888
261
731
99
899
20
864
188
263
856
561
646
595
571
820
169
921
653
678
428
106
894
620
335
817
126
1015
868
279
905
889
183
774
947
770
442
600
643
876
756
1007
582
97
736
480
877
826
571
223
418
183
238
723
194
235
503
388
463
740
111
852
803
390
622
744
268
320
334
460
380
590
113
338
944
866
296
701
1020
527
118
443
711
758
772
498
957
840
617
814
121
592
938
60
708
255
235
132
757
234
963
199
633
176
310
468
87
320
123
705
4
910
601
432
454
694
715
692
984
20
135
701
858
633
570
1017
107
885
257
445
800
273
337
665
627
910
326
526
274
169
175
71
8
897
711
86
604
326
604
584
30
563
605
722
252
923
450
695
665
776
937
964
785
356
655
564
712
942
147
682
611
967
242
304
999
509
238
349
53
19
103
422
990
143
510
516
62
555
926
106
845
324
485
161
159
269
7
689
178
515
759
12
320
222
233
930
30
646
904
71
752
136
854
518
578
516
329
738
975
641
384
298
232
67
161
404
401
885
545
812
370
847
145
779
561
629
1016
453
179
332
434
172
636
938
425
106
666
344
548
10
588
269
181
308
398
397
243
77
894
992
315
712
548
94
302
17
493
745
435
428
489
459
600
570
601
829
446
502
1013
352
670
21
647
480
675
138
897
851
920
662
76
432
494
139
1001
558
258
962
316
89
336
393
33
46
106
114
599
65
552
980
417
286
176
397
833
387
232
819
230
823
469
457
409
70
169
965
64
355
1002
688
250
352
666
822
867
44
742
781
570
53
341
754
723
799
605
819
779
97
252
378
35
806
92
891
268
765
503
835
46
789
427
392
433
21
211
242
1011
393
205
372
435
115
459
163
731
639
365
860
202
672
80
818
798
250
101
399
99
270
539
572
275
996
661
234
27
748
890
192
536
53
270
843
136
564
489
450
203
518
20
242
787
193
45
174
94
637
691
322
361
496
464
942
1012
190
608
298
232
86
516
201
507
1009
672
69
557
778
40
876
1019
138
16
565
168
774
598
492
524
384
78
102
476
246
332
758
532
642
300
819
244
643
0
826
965
195
129
1009
680
8
794
738
892
172
902
537
67
458
6
779
562
1000
557
127
843
367
316
730
218
501
708
899
237
1021
248
517
991
584
442
492
432
702
296
301
678
413
99
743
169
361
756
15
825
929
330
809
918
682
519
710
332
1008
859
653
372
748
43
867
596
130
283
429
686
118
182
859
177
504
160
863
148
537
74
291
814
583
684
497
107
46
13
391
179
371
684
251
859
406
276
303
881
837
416
765
443
633
97
635
212
198
541
530
684
109
465
598
123
516
834
638
879
263
1001
595
87
816
221
908
833
671
871
459
865
591
619
315
576
557
638
966
553
158
740
393
395
183
200
987
304
107
2
617
626
213
520
65
322
514
476
689
474
35
623
830
628
395
616
28
23
212
443
54
9
163
263
130
29
805
