1024
201
1000
131
882
881
207
467
974
719
309
180
846
74
957
301
893
485
635
966
756
539
808
154
236
481
173
967
740
356
722
555
610
40
781
668
667
787
77
183
569
375
670
804
958
432
682
78
789
811
334
656
342
982
553
254
639
170
601
596
999
102
822
778
348
288
173
365
12
261
640
343
626
233
798
464
708
797
22
624
677
818
1011
508
197
473
789
530
71
751
1021
691
443
698
190
833
609
297
590
1010
6
82
210
152
65
470
923
785
1014
678
85
805
339
430
533
900
924
336
264
706
49
909
118
359
549
197
413
121
619
497
455
449
828
37
115
875
955
166
203
311
709
582
887
621
528
551
885
126
74
843
898
484
86
211
630
691
578
663
4
203
640
249
223
561
509
946
627
652
216
532
856
662
667
27
431
54
950
58
929
543
318
252
384
574
627
394
187
726
967
32
584
504
909
1019
302
115
210
462
62
712
925
688
985
441
793
588
849
25
357
891
636
469
250
864
611
671
177
43
472
586
2
376
636
434
648
129
127
1017
26
438
776
276
984
802
823
171
923
769
177
575
490
910
951
273
541
948
301
519
259
873
141
362
124
763
725
502
82
14
139
10
114
652
993
568
412
994
559
500
916
39
455
570
90
16
790
251
732
731
352
801
322
455
977
139
726
105
427
174
532
89
768
20
587
886
1020
772
235
386
332
1016
625
20
745
12
945
116
43
764
454
543
510
228
914
513
517
0
71
553
308
916
191
718
407
892
528
862
204
86
429
199
330
248
954
160
78
867
725
127
702
120
389
622
557
535
447
645
543
1018
613
5
907
104
302
331
544
356
38
341
872
797
978
586
793
820
780
1001
561
89
181
940
644
690
57
249
368
396
479
504
679
291
665
623
774
320
101
296
570
332
301
177
259
13
883
601
821
293
929
46
202
632
107
426
835
775
158
730
688
577
497
755
658
905
616
282
450
985
849
15
915
659
411
107
726
48
116
474
624
293
264
891
85
467
215
512
179
755
295
268
369
740
956
5
105
944
849
128
537
509
774
928
1004
113
447
900
567
23
675
324
393
393
717
985
238
557
260
70
639
944
30
209
157
589
367
1010
744
476
713
97
552
391
100
398
278
575
578
286
31
194
593
326
307
132
82
891
753
853
997
13
95
657
43
817
926
899
262
271
213
591
545
288
44
58
83
805
181
880
871
99
520
798
800
578
530
165
277
87
637
327
85
248
544
235
941
310
445
313
67
558
206
390
801
679
614
43
4
578
124
853
487
131
269
997
339
272
247
24
137
138
977
941
347
674
861
45
280
1011
517
591
304
462
447
990
747
291
754
793
80
120
560
349
504
78
585
1021
157
542
649
359
541
563
811
635
516
182
995
420
767
186
931
403
484
615
549
427
825
136
49
719
539
818
869
147
69
800
826
24
279
525
893
696
344
888
206
373
328
666
880
666
971
73
515
479
57
743
238
806
350
301
37
263
623
74
515
159
278
979
219
347
706
403
153
623
474
611
219
139
519
35
402
115
477
1023
51
538
538
397
154
190
745
752
338
1001
578
279
962
166
296
458
110
82
392
285
663
747
701
259
918
924
811
161
556
150
979
223
389
281
434
272
25
709
317
498
442
263
657
829
552
42
179
974
849
503
351
331
574
651
978
398
322
590
997
1014
236
66
1023
1014
295
412
220
29
493
387
475
634
898
579
66
122
818
620
41
296
644
787
579
693
7
937
99
509
484
155
753
374
375
213
271
592
619
659
410
307
263
388
569
116
301
425
135
576
71
677
84
236
874
153
58
547
256
124
984
141
514
615
883
240
926
938
330
321
65
728
437
744
1003
749
969
1011
165
212
1016
565
871
112
341
560
837
845
820
1014
387
921
490
804
387
867
55
485
806
568
815
419
576
307
865
4
365
544
18
297
80
428
982
501
538
772
970
13
793
27
808
195
668
785
466
8
207
907
118
971
899
404
342
147
857
154
154
715
50
894
122
53
630
550
267
816
576
403
38
390
42
962
1015
340
234
370
799
296
47
716
751
651
187
847
530
852
707
945
775
557
787
867
667
276
289
995
141
845
360
941
729
447
992
809
426
520
251
264
342
182
942
189
679
391
615
152
1004
749
1011
387
245
116
179
554
969
974
635
240
856
996
368
159
104
962
831
773
54
946
977
1020
988
202
949
324
659
84
46
765
358
75
480
208
60
128
975
41
370
169
239
779
560
711
1002
949
340
734
944
90
951
699
473
241
553
897
47
114
458
636
457
931
222
193
4
96
733
164
780
405
317
952
683
26
614
345
694
83
533
488
571
1017
1009
962
1016
525
977
730
429
487
787
990
802
1010
203
324
343
810
705
969
294
766
138
235
476
502
176
