1024
20
681
967
133
468
644
293
769
364
590
302
455
277
571
418
797
204
112
273
83
770
991
378
838
272
76
3
651
297
391
516
668
99
493
436
558
709
503
181
414
507
520
648
989
817
170
74
260
876
276
328
661
700
60
798
481
562
783
157
856
100
768
877
171
300
825
75
16
850
399
511
291
556
740
789
1
126
808
752
423
887
437
1017
659
978
164
861
671
353
158
964
777
533
997
763
534
858
393
631
27
537
1003
423
788
486
786
219
817
620
905
169
380
24
931
595
62
748
397
107
270
184
271
406
206
453
19
483
334
27
92
782
68
426
953
1008
203
343
230
435
591
699
887
268
209
68
9
213
883
132
1023
219
121
598
178
451
928
784
796
379
224
101
690
212
652
140
954
279
992
145
628
833
619
740
169
844
46
786
26
138
52
332
81
729
129
63
957
35
610
392
224
819
848
402
1002
701
217
378
703
378
448
971
495
884
123
179
201
725
53
988
294
587
656
490
912
238
161
158
579
190
1022
212
242
87
730
128
804
900
318
741
875
402
980
736
428
73
383
362
435
726
287
356
95
763
636
761
595
291
46
384
187
808
905
145
788
564
566
627
901
534
406
914
111
436
956
530
996
877
607
736
240
727
896
754
759
812
983
232
329
541
694
281
830
897
0
48
762
561
980
115
142
331
4
475
115
531
721
390
716
693
13
672
126
542
994
911
513
28
681
92
302
507
924
354
512
344
42
888
106
402
538
880
292
1002
596
175
618
799
614
296
124
39
901
586
460
14
683
588
755
569
739
497
719
830
610
120
315
167
822
481
794
472
875
185
172
225
637
596
219
293
71
296
849
341
488
853
694
1002
56
607
770
699
158
594
716
31
670
125
299
344
1020
766
688
67
609
329
590
788
667
385
637
142
442
443
353
92
998
907
236
298
290
705
804
582
928
518
467
794
932
890
522
799
412
658
741
528
367
572
334
300
151
231
569
419
58
698
266
777
691
106
528
781
503
658
210
431
17
420
198
608
250
889
1012
509
707
25
898
180
803
210
246
548
611
743
647
198
319
100
104
755
814
874
18
199
768
246
293
470
458
475
56
101
519
717
869
419
706
802
96
392
448
468
80
193
502
603
594
569
569
734
442
576
574
594
150
526
223
246
342
934
166
781
266
891
614
845
58
523
53
847
236
509
967
653
677
1016
339
399
53
634
207
528
828
676
245
674
303
467
976
449
671
985
238
530
945
523
362
852
758
736
612
27
257
803
973
13
832
616
615
871
766
450
580
585
814
509
76
524
930
963
133
586
605
855
593
856
272
544
677
193
949
54
59
372
76
646
98
907
333
831
805
601
329
107
18
860
977
568
327
538
451
778
877
457
395
787
231
896
511
641
410
444
666
434
114
668
684
400
947
480
1019
246
395
242
452
746
975
447
806
238
176
72
345
784
236
827
393
942
180
832
740
303
397
78
5
804
585
813
942
361
94
76
662
694
928
467
846
367
772
305
911
39
925
587
990
794
354
482
884
565
387
773
214
173
532
711
28
166
137
754
820
883
226
982
77
786
851
914
152
106
728
532
849
469
779
425
792
650
390
166
171
837
903
879
63
824
707
763
769
454
613
366
206
271
978
421
51
300
636
219
100
72
266
45
143
922
994
31
224
160
458
691
593
995
636
277
504
841
741
804
280
665
632
568
62
924
859
714
440
914
829
46
324
304
786
1003
400
866
784
799
740
248
599
826
390
229
650
193
685
824
509
351
617
739
37
220
313
115
579
86
12
319
929
33
507
906
576
284
88
776
430
78
732
683
16
304
911
782
927
691
793
314
937
946
858
597
507
284
897
236
714
901
582
284
347
862
348
951
29
23
882
84
190
330
630
302
786
948
460
843
402
961
7
928
799
67
18
270
848
590
715
573
873
306
951
511
647
132
527
535
557
216
194
314
269
962
849
982
16
482
324
601
134
146
537
248
13
289
188
664
738
59
702
502
720
673
918
648
300
519
712
777
459
863
726
893
908
251
857
465
858
738
860
319
69
392
538
879
478
94
417
780
955
614
850
326
843
217
279
456
823
658
560
676
140
1008
917
265
344
754
46
719
404
412
283
149
257
853
172
395
1009
50
748
558
202
97
1005
409
828
264
853
667
672
193
798
417
990
628
363
924
889
757
931
472
769
353
970
381
662
674
671
372
480
666
200
945
268
474
104
56
352
31
452
938
328
810
59
19
325
828
647
317
699
712
823
596
88
325
175
134
233
974
148
394
799
437
899
948
867
589
143
648
1005
853
896
1003
312
115
35
620
548
538
243
898
22
998
189
967
460
32
245
686
8
938
833
46
761
908
875
449
763
398
1021
460
368
