1024
665
346
34
61
60
372
559
389
554
683
507
301
212
780
834
578
720
149
643
811
745
591
219
646
1013
65
394
877
156
20
906
548
8
27
145
206
935
977
33
698
391
645
79
151
761
799
379
873
228
523
477
177
984
256
472
64
464
59
220
23
971
462
71
476
209
515
146
503
415
605
631
215
175
525
343
292
864
960
444
276
983
391
498
964
926
646
302
473
619
618
467
710
750
593
663
156
752
997
446
284
352
409
22
232
101
332
451
922
64
163
507
916
922
530
629
111
853
378
1002
685
142
187
749
566
589
833
610
214
45
731
418
20
610
472
79
60
410
51
540
206
44
252
113
763
975
667
784
595
116
78
857
474
786
293
729
311
553
539
1011
123
609
971
448
167
1018
971
530
0
299
702
795
330
342
147
833
891
128
572
830
256
79
367
81
704
217
456
30
618
802
52
862
513
879
963
977
140
377
953
149
421
996
208
339
485
522
682
75
360
363
951
658
119
54
832
13
62
183
107
344
158
337
797
153
859
326
922
351
367
561
577
727
540
668
631
329
843
210
700
443
248
629
567
178
41
407
126
940
502
393
769
311
633
306
90
993
798
389
77
1008
232
395
961
1016
693
568
937
921
565
983
92
448
610
882
144
316
1020
444
865
46
715
538
964
545
684
762
303
308
832
534
778
342
229
691
168
798
163
906
99
241
848
380
729
620
442
34
449
961
896
494
630
704
543
322
118
752
987
795
852
188
506
240
125
767
769
333
388
852
315
848
144
439
887
34
472
472
890
118
205
998
668
912
71
109
822
487
775
498
252
453
1020
642
419
986
454
620
265
94
729
971
401
630
31
709
826
522
184
513
922
102
167
293
231
4
823
585
310
731
393
525
149
934
241
662
86
130
997
369
157
901
261
888
763
502
779
137
854
461
755
298
627
893
37
817
583
170
444
363
837
766
509
409
383
199
858
300
76
265
968
346
910
511
128
372
654
629
342
905
156
356
23
315
66
461
649
396
564
701
590
785
169
283
553
838
576
400
243
608
994
794
581
37
889
775
473
225
420
229
781
154
941
902
881
96
291
795
669
1012
119
950
886
27
172
12
62
438
467
612
756
528
307
172
154
777
529
531
376
224
341
519
4
13
345
578
162
202
338
851
852
468
235
200
955
465
632
696
566
899
705
932
780
160
637
872
880
974
313
664
961
125
763
711
90
676
581
10
777
112
300
531
938
722
795
842
347
286
340
978
466
792
966
397
675
505
510
316
1015
1011
645
935
364
741
943
1024
983
278
805
843
536
397
210
899
677
680
738
200
750
851
77
600
287
857
942
156
796
585
470
11
808
298
952
206
688
779
206
630
648
946
187
556
350
514
130
826
820
194
1006
625
739
325
720
282
561
669
310
264
528
386
69
449
487
286
649
313
23
38
885
800
103
824
960
821
67
52
95
314
76
196
507
398
997
80
1001
722
742
913
750
837
211
1023
910
1016
287
299
158
111
522
311
225
701
376
62
216
169
583
495
169
309
207
584
155
933
20
340
742
646
323
212
948
903
243
409
497
179
453
773
976
438
293
380
593
571
421
851
220
233
739
352
421
806
999
248
974
506
559
372
758
747
826
222
536
570
1013
628
402
458
247
82
452
111
481
992
228
598
224
308
118
561
424
189
917
728
131
56
770
462
135
475
875
739
705
636
252
972
823
728
183
282
925
657
55
988
143
908
476
1012
810
571
95
766
450
512
638
33
385
991
540
158
428
919
853
347
474
43
786
101
48
655
421
83
707
881
242
853
442
915
667
1003
132
816
322
388
758
870
711
711
485
888
205
967
34
989
518
270
625
131
766
140
115
490
609
368
806
153
402
598
482
811
33
796
226
146
1018
89
159
724
150
729
156
613
700
92
554
900
689
231
665
557
916
131
360
257
340
598
484
871
962
20
390
334
949
598
24
762
244
400
566
624
52
1015
156
124
955
1015
636
1002
139
953
12
906
856
138
114
974
165
187
10
424
351
997
280
286
665
598
618
782
335
918
809
106
458
521
260
328
881
998
842
499
713
69
244
875
322
319
813
656
672
640
589
196
25
308
232
448
532
34
897
365
376
213
766
724
417
234
157
73
405
376
861
710
192
382
828
92
985
666
748
300
332
372
519
662
433
851
413
541
812
147
878
654
560
920
312
965
965
126
632
308
496
506
216
912
394
574
252
251
501
339
350
974
791
915
992
108
949
425
950
389
842
106
592
823
72
578
274
312
160
152
399
885
26
724
633
321
92
334
1015
956
575
382
970
675
525
645
227
11
999
863
907
749
918
119
1003
967
97
760
606
369
96
245
197
744
991
364
662
274
113
421
563
870
850
908
943
448
122
