1024
555
172
379
563
140
658
845
320
948
182
389
887
113
103
202
646
226
691
399
636
993
5
423
177
1007
79
139
344
712
278
950
806
897
701
715
811
446
1017
936
297
787
241
311
371
382
943
77
789
326
256
213
502
518
670
666
977
76
356
558
861
634
192
202
655
291
699
275
930
42
181
499
81
649
285
918
246
675
373
366
269
413
448
591
890
788
1000
658
339
62
114
861
737
842
4
8
61
338
237
440
959
451
658
842
38
1005
114
279
206
267
715
61
245
670
900
395
289
762
963
159
224
867
754
586
247
117
410
870
644
797
437
533
912
250
870
176
586
196
614
554
109
487
141
182
874
240
125
436
301
524
541
922
502
363
565
418
691
347
131
226
72
290
402
992
807
3
275
790
84
747
586
854
651
647
841
702
282
332
794
619
354
159
655
645
102
535
877
937
302
253
883
646
5
534
158
135
666
274
362
849
979
7
847
252
674
1018
51
576
655
125
451
811
41
679
321
108
888
314
38
795
392
668
359
546
108
185
821
339
550
574
586
640
645
471
254
919
885
946
978
884
96
798
673
905
882
153
455
35
776
566
429
560
195
408
267
434
995
960
490
997
428
508
381
396
483
547
676
953
105
706
823
503
799
536
24
690
333
654
34
200
645
288
329
888
9
247
343
826
290
460
209
436
369
579
249
392
889
650
901
461
74
606
802
531
881
491
169
106
1013
188
31
320
408
412
61
345
136
27
304
195
666
438
122
20
354
365
613
846
229
215
773
570
617
955
124
920
494
900
628
1013
327
894
411
122
987
801
13
630
786
556
810
71
815
546
306
146
460
434
976
961
992
715
130
412
474
45
0
639
806
896
1011
197
934
716
92
400
221
438
535
297
254
589
610
898
313
457
804
210
679
333
762
14
466
500
829
75
407
205
661
685
926
656
894
656
248
802
56
834
69
242
886
998
843
968
420
187
874
850
725
497
10
603
398
269
123
51
685
727
192
754
299
76
44
374
876
158
875
154
305
186
396
159
451
312
792
450
940
453
97
438
137
453
503
822
454
955
369
796
554
391
634
947
99
820
289
226
525
627
271
885
758
236
129
87
563
934
397
935
863
151
665
866
162
383
207
540
293
254
541
140
232
287
461
107
331
864
830
408
435
906
1021
974
355
692
137
998
538
364
919
127
943
789
191
846
894
711
94
268
416
522
93
540
601
473
487
566
154
216
795
75
201
825
590
515
97
279
316
742
743
292
645
920
830
874
341
7
343
734
207
614
245
919
389
398
491
73
476
589
826
877
325
417
409
302
515
567
935
773
585
324
486
350
845
1020
279
874
786
44
678
896
600
137
305
680
862
184
681
220
163
527
508
854
575
623
617
207
354
136
822
915
851
641
130
130
746
312
1016
275
131
715
926
512
270
344
45
72
900
289
90
1016
379
632
450
54
702
860
445
383
598
379
735
385
977
650
993
243
699
572
709
588
73
578
211
971
240
821
882
365
844
159
485
603
902
231
858
602
847
319
469
724
781
240
640
26
881
254
422
301
935
598
84
292
219
386
627
613
512
130
303
789
155
221
747
30
426
638
894
371
178
162
269
33
412
877
450
528
469
401
723
964
693
214
870
948
259
845
201
847
131
805
777
550
207
948
716
530
788
154
823
447
830
575
419
275
29
245
155
637
628
996
260
773
308
205
777
924
803
531
64
1023
167
387
747
943
443
684
162
95
725
95
857
773
925
768
555
236
174
465
755
71
251
1000
373
406
57
399
472
808
495
218
317
486
573
483
688
138
195
899
1002
971
35
752
165
306
623
864
186
810
371
549
150
602
233
290
382
471
157
589
700
43
18
566
2
654
378
619
32
440
932
5
1015
142
538
399
1004
127
104
77
964
867
84
602
325
973
503
874
627
577
958
573
169
161
11
202
272
825
665
325
271
37
975
496
61
833
922
386
551
142
500
613
436
261
895
633
267
926
942
610
421
324
637
146
612
626
79
880
132
419
377
185
896
259
776
754
1005
78
1000
14
1
425
977
599
215
923
294
715
896
182
430
483
163
396
546
133
697
937
967
235
727
802
578
756
287
272
682
202
595
30
525
571
655
898
625
225
886
611
832
893
167
487
910
373
121
315
922
331
134
575
208
951
64
289
315
574
970
338
166
299
762
850
282
367
628
596
639
695
981
281
10
217
84
619
245
241
688
783
23
541
693
53
544
732
340
328
597
197
359
695
576
436
296
609
67
691
160
486
152
183
151
752
358
814
614
292
325
1
141
347
144
596
26
853
574
211
579
215
418
215
975
598
305
56
34
413
641
882
495
549
368
855
989
915
410
615
681
224
81
609
884
656
609
235
892
463
935
