1024
11
695
581
546
726
294
585
523
288
473
746
942
953
551
483
305
249
623
626
487
997
643
375
718
211
871
174
404
976
271
994
905
102
417
701
260
1000
246
340
681
220
313
668
534
46
956
735
1004
106
837
739
779
755
660
407
996
495
908
576
184
337
983
614
719
117
363
689
998
572
124
311
290
636
498
333
549
444
471
275
361
476
180
389
116
260
666
753
470
696
554
214
898
381
244
440
426
913
104
628
601
121
908
386
657
121
270
539
741
656
824
767
558
658
676
106
13
823
129
794
29
932
558
449
740
100
305
719
623
359
115
534
124
464
395
499
76
359
958
98
749
127
589
849
668
73
353
485
910
623
431
988
463
290
715
557
890
482
231
562
908
323
974
492
478
282
570
601
1000
911
820
805
321
363
478
233
754
55
222
40
246
890
952
718
637
924
823
811
559
475
199
185
816
678
121
552
665
313
263
599
627
406
75
449
180
923
101
633
909
1004
305
361
506
910
74
473
343
944
592
556
1021
123
409
753
997
298
160
768
627
377
445
446
380
475
66
889
34
191
116
676
195
236
663
988
149
908
231
666
488
472
854
64
422
442
918
466
979
5
563
137
320
109
950
48
590
755
30
845
569
725
176
60
782
187
272
440
627
123
806
698
859
585
366
732
1022
341
941
457
348
741
899
828
706
371
707
387
561
782
262
194
495
1022
916
486
670
145
163
308
395
816
209
1015
244
461
903
722
994
886
581
978
773
333
649
815
743
818
618
316
648
242
7
700
555
519
1005
632
964
546
410
170
961
162
842
30
601
170
205
439
542
1004
1015
123
745
638
322
155
393
183
552
816
182
773
599
192
445
774
64
118
781
728
965
562
711
504
70
206
679
894
55
161
909
721
368
131
903
528
530
956
656
253
426
806
506
926
234
500
871
217
776
699
129
55
890
1000
155
1021
335
983
317
638
289
199
305
41
824
186
788
884
704
202
435
772
152
182
943
336
223
351
499
424
755
1004
202
928
209
68
778
966
999
760
373
636
616
864
929
961
516
450
6
563
407
3
690
470
619
939
846
650
823
619
123
804
675
739
10
646
940
358
971
563
479
964
710
929
849
421
986
460
580
74
210
434
139
387
444
38
722
957
523
463
344
62
422
901
176
556
707
603
75
362
228
107
163
1021
99
652
708
208
682
521
153
279
901
365
465
425
591
338
337
151
347
382
15
517
102
141
907
160
306
198
700
687
8
801
465
374
415
956
16
539
233
127
445
220
684
216
900
147
146
1022
417
535
621
47
140
778
894
106
498
237
914
811
809
821
823
876
765
437
488
897
522
675
897
286
540
95
113
866
933
641
28
823
817
937
717
83
999
665
440
239
638
464
635
738
421
377
27
624
463
687
168
651
8
995
835
1023
600
52
890
177
89
917
208
502
419
362
934
81
822
928
528
26
925
503
546
383
555
929
176
216
998
521
264
285
264
698
240
259
807
322
457
6
973
46
702
859
175
714
636
687
925
428
845
1010
45
33
729
144
213
973
700
955
722
349
621
985
12
165
343
23
245
34
513
250
973
114
355
559
965
906
117
452
542
974
66
613
647
768
238
346
486
32
18
51
28
627
88
789
91
710
403
334
131
413
574
768
719
165
232
356
674
858
754
72
997
307
980
332
342
339
239
348
326
801
692
778
354
803
491
866
227
605
586
164
585
620
250
386
685
202
262
22
193
539
879
134
543
304
204
745
858
429
772
557
832
690
77
334
51
249
671
297
211
138
50
480
783
826
109
4
420
360
384
297
461
899
807
262
416
758
522
230
744
787
913
318
964
316
698
1017
600
432
431
239
834
658
109
306
789
193
813
516
441
646
584
906
327
787
915
39
962
406
628
376
682
1016
731
24
746
262
993
1004
299
789
689
815
844
439
970
624
850
978
840
760
276
107
826
591
741
193
486
129
353
135
192
633
353
832
354
1024
203
23
375
561
605
710
184
60
1008
831
739
412
45
230
847
558
419
834
34
120
531
20
883
101
993
733
1008
465
384
900
898
654
425
186
414
958
916
688
820
200
114
46
707
705
584
240
364
880
407
851
217
205
687
228
423
639
8
943
691
396
432
873
341
312
359
314
484
429
586
83
370
278
961
461
62
432
564
173
40
477
809
201
323
607
1009
727
495
304
806
626
4
964
144
488
882
365
48
961
68
165
46
385
765
424
231
385
24
614
123
176
426
305
83
1009
274
39
480
422
371
727
585
608
688
568
148
428
525
178
532
667
680
502
711
1019
731
790
828
85
801
264
476
409
113
190
794
215
101
268
958
284
410
551
650
626
363
754
100
301
376
104
838
984
677
598
973
338
176
434
406
915
596
356
712
123
704
