1024
741
264
292
97
483
6
116
458
153
275
604
999
35
122
652
914
24
279
473
13
722
988
107
566
106
417
44
356
205
393
234
590
824
831
39
729
613
105
542
235
494
516
32
377
733
595
671
675
896
265
69
833
319
104
720
823
464
439
804
832
648
397
775
225
762
906
934
271
642
678
124
42
868
938
708
2
506
438
673
796
623
1016
71
638
2
392
395
158
180
775
327
569
751
309
609
178
345
793
207
760
639
883
420
791
728
600
484
659
291
578
38
847
473
352
182
990
367
586
226
1001
357
997
78
790
935
648
590
527
296
825
34
108
793
952
38
282
680
544
335
4
1013
937
101
485
753
98
87
383
104
302
273
651
981
675
571
771
581
800
544
383
446
250
715
402
224
12
560
438
217
823
288
921
480
458
173
326
721
62
506
266
813
261
693
469
56
342
223
727
118
165
327
901
534
430
350
566
122
285
587
69
886
497
253
1019
687
55
588
1005
632
20
158
177
170
147
455
910
654
564
504
915
958
242
751
120
370
615
195
588
611
964
671
93
139
645
186
63
443
726
716
80
809
809
783
590
808
651
765
214
758
914
880
574
433
403
640
206
665
181
491
501
842
171
433
330
589
298
88
869
727
279
854
225
461
189
35
3
382
399
617
872
405
905
799
940
989
133
865
305
244
366
404
281
947
112
417
723
723
535
903
111
391
738
332
38
883
21
674
896
574
87
123
180
632
79
712
245
993
821
212
519
886
518
139
905
56
995
239
21
28
388
575
559
361
1004
563
161
395
56
349
791
972
424
418
521
430
65
94
768
882
897
603
941
306
915
968
381
394
959
502
203
74
910
72
989
523
1021
808
141
207
138
851
104
256
58
549
234
877
407
448
727
26
793
787
665
323
874
48
731
74
181
782
100
389
141
346
24
786
651
391
669
636
51
849
411
73
725
589
756
941
589
152
336
861
959
629
861
713
709
632
878
211
905
621
556
440
159
406
526
1017
929
712
317
914
636
15
191
75
17
637
383
654
223
768
908
747
802
1017
641
231
700
894
873
1011
232
644
484
822
32
137
207
142
696
65
755
344
622
149
912
927
700
790
537
19
845
669
624
47
742
690
70
679
136
14
685
555
408
420
681
1013
814
562
794
23
956
805
508
219
882
919
46
239
365
85
525
136
17
321
751
264
253
531
328
792
388
293
286
19
556
569
80
560
520
631
17
652
584
227
273
780
179
978
133
673
787
696
794
1016
270
235
545
714
719
392
507
330
717
903
719
602
874
620
520
968
237
272
645
827
489
746
643
286
351
117
652
907
586
660
636
599
195
875
202
829
623
126
747
121
413
8
952
383
549
228
856
770
0
481
428
455
703
640
249
46
194
27
60
536
449
30
423
989
338
662
1014
1023
324
509
93
961
853
875
954
540
774
932
991
457
898
183
38
489
23
238
695
347
491
395
897
235
55
938
583
134
221
52
152
641
293
425
755
515
240
700
736
217
707
300
759
620
950
370
318
813
499
887
568
395
71
985
645
699
93
452
449
150
455
539
976
76
989
677
803
648
945
693
255
571
551
987
17
736
222
1018
965
276
994
956
528
550
746
422
772
466
244
667
373
1011
566
553
610
830
771
112
317
90
246
31
596
725
427
521
699
318
770
38
694
857
455
730
172
1019
258
513
767
304
205
661
762
712
46
588
384
165
97
583
492
653
484
1007
677
883
602
495
630
933
646
444
277
356
821
589
148
61
482
901
159
779
622
538
929
327
566
62
482
587
438
898
403
53
923
742
480
84
174
513
640
55
914
140
464
761
976
843
39
7
222
313
409
590
169
364
274
871
630
488
138
458
171
919
173
110
863
500
62
622
375
145
656
255
621
147
958
940
910
842
477
118
234
468
9
343
548
203
145
352
757
286
675
146
768
473
945
601
661
499
352
554
368
1006
532
8
833
382
541
778
499
891
38
684
346
87
501
700
438
181
955
788
542
962
256
106
642
377
778
250
579
909
367
7
330
641
85
904
567
836
949
177
728
364
431
914
389
852
331
325
549
386
2
232
506
929
158
685
178
485
832
892
911
984
127
218
451
692
244
369
923
425
921
23
452
586
185
113
131
484
995
881
490
907
725
678
245
663
611
296
896
646
179
237
1
886
588
266
910
685
875
36
952
128
160
263
689
893
963
576
395
722
988
979
1008
770
443
124
317
621
862
386
108
675
1022
99
131
855
731
310
874
204
781
353
666
969
465
768
328
619
351
562
983
243
801
275
718
120
562
703
221
248
133
276
363
416
398
278
605
88
569
528
523
884
903
879
145
815
535
405
261
54
1023
324
672
781
933
431
337
29
405
296
581
60
732
397
1024
704
467
