1024
732
1012
203
368
302
921
22
566
130
954
314
527
518
1017
962
1021
869
996
188
94
599
679
612
579
883
84
310
940
298
208
0
80
389
390
844
840
381
389
371
911
506
531
479
883
592
721
979
462
271
154
501
834
441
841
986
417
427
307
413
496
151
869
236
268
354
596
990
42
491
855
397
587
929
752
66
557
662
47
552
422
377
8
564
149
152
504
171
638
250
368
14
583
730
33
69
396
132
70
892
486
48
71
187
410
645
865
85
740
911
649
497
415
245
524
105
0
692
13
847
488
158
66
672
899
673
905
872
413
318
309
779
478
532
973
908
139
983
35
499
596
450
44
728
1019
888
595
909
257
955
731
588
277
1015
47
850
41
653
505
1001
401
419
770
922
426
301
310
614
537
227
548
320
206
553
871
93
667
370
248
706
810
880
947
42
223
547
70
43
694
399
912
824
382
39
863
543
791
840
981
460
349
733
536
521
792
333
644
477
938
763
450
212
545
355
1
837
645
580
840
735
474
521
227
732
321
736
104
922
933
540
821
535
442
757
198
100
460
8
11
716
311
103
100
215
386
378
275
531
809
926
29
455
56
784
556
22
315
4
938
210
203
856
607
1019
470
639
832
48
346
745
544
695
373
463
224
425
223
839
77
773
949
401
384
647
78
775
956
160
338
460
827
763
54
181
217
962
315
653
579
374
649
713
837
290
637
906
741
591
958
688
727
193
374
805
597
844
169
226
483
428
432
622
190
752
902
3
487
498
667
116
701
37
464
88
439
368
555
432
620
472
473
842
592
394
383
924
367
490
14
843
301
262
613
36
584
434
79
738
265
777
362
330
356
88
992
52
979
758
739
124
829
766
706
220
984
1019
168
574
460
129
247
245
454
980
904
299
373
48
30
766
348
862
130
615
769
467
346
815
1008
390
652
73
334
256
509
768
233
613
110
561
538
248
497
140
1011
976
304
956
49
865
178
569
633
927
772
257
164
160
666
550
99
75
850
307
66
683
804
413
702
887
403
670
305
288
448
199
88
564
927
531
117
64
863
549
889
23
18
594
783
182
108
397
930
712
840
887
38
784
486
78
716
404
316
750
536
818
732
145
761
173
695
623
1000
984
493
132
976
360
696
882
781
530
884
552
985
151
162
849
184
267
456
703
613
796
181
588
867
239
980
614
111
167
673
719
121
760
510
779
749
972
577
445
377
187
9
200
917
272
317
258
447
932
610
202
697
646
241
962
47
101
840
273
216
897
908
432
9
698
291
893
0
1015
386
591
825
161
792
564
223
961
858
169
819
455
835
542
340
643
772
700
782
936
1009
817
204
726
361
308
70
33
198
911
628
565
915
643
257
413
227
769
607
13
253
649
214
652
45
632
897
315
8
616
791
116
57
947
95
26
83
893
842
1018
677
265
401
813
977
856
979
978
577
982
600
378
82
737
664
210
121
358
646
369
287
499
754
241
709
310
35
154
133
747
696
855
80
355
221
798
286
589
123
810
958
426
745
893
872
469
53
901
1013
715
967
353
876
142
403
783
553
620
104
507
513
420
134
824
882
676
889
704
675
96
981
889
474
263
689
393
82
971
410
436
545
597
163
927
985
361
445
196
304
565
344
412
239
460
629
131
420
615
195
611
874
756
680
251
331
678
9
811
300
196
668
604
662
937
602
695
948
1013
605
1012
540
772
862
244
314
424
625
39
91
597
58
625
645
809
456
888
637
851
266
933
18
265
767
97
222
663
613
242
1011
802
590
712
962
923
766
405
819
894
597
832
316
43
310
910
811
546
537
735
559
937
72
692
810
224
693
690
188
710
509
237
460
582
88
757
203
752
91
231
721
374
969
683
482
437
717
500
85
323
137
870
245
147
1013
944
90
145
410
98
421
8
661
290
574
179
850
661
888
904
1015
109
77
440
225
855
992
144
177
602
326
433
467
175
891
659
604
518
498
37
860
114
837
518
352
994
589
385
540
945
700
55
524
388
906
687
864
596
248
653
501
300
226
177
736
774
542
628
524
320
482
999
15
427
283
118
1005
951
831
996
904
19
256
904
727
448
201
611
273
161
648
360
515
722
627
875
102
539
402
280
333
222
611
31
830
829
702
768
871
836
544
819
656
471
229
113
781
621
1016
801
981
805
573
692
71
940
232
773
873
523
641
751
611
58
368
251
277
995
1014
380
309
198
997
648
446
764
252
380
674
340
355
821
399
715
445
49
1001
114
855
200
182
732
392
186
946
713
300
713
310
703
34
886
704
691
481
282
72
362
1006
355
551
915
256
173
23
174
642
948
139
342
247
510
269
90
763
878
887
53
958
373
878
703
761
231
295
953
242
581
179
789
56
755
490
740
775
