1024
834
129
657
737
957
557
599
931
110
266
931
24
686
275
676
703
870
786
573
220
112
648
17
368
819
207
893
927
805
335
940
215
279
294
785
777
991
600
961
520
256
773
92
307
775
135
352
218
882
298
88
784
652
986
467
94
774
275
733
76
812
436
996
377
478
840
8
575
435
851
408
829
811
553
570
1015
268
507
397
366
167
398
727
362
836
599
209
261
35
730
172
823
830
15
997
765
205
953
135
435
522
206
102
23
322
486
822
178
159
125
722
88
59
751
775
841
367
1014
924
596
718
895
313
720
337
358
307
777
346
682
893
658
418
774
197
352
406
422
334
924
427
745
141
267
900
921
446
939
947
694
185
715
868
87
149
267
811
709
357
888
728
163
66
556
356
446
870
944
660
266
745
228
1004
94
655
870
1008
527
86
464
288
127
741
283
578
788
727
93
698
258
519
433
115
548
467
467
586
291
175
976
646
878
495
194
839
971
96
796
685
208
943
282
148
868
143
38
961
250
26
763
444
319
219
946
443
937
817
631
214
236
347
602
948
101
110
908
913
0
380
975
326
562
233
138
188
318
126
642
84
941
129
732
572
67
825
835
503
418
930
395
573
311
537
60
129
830
155
311
138
29
436
372
228
227
304
902
111
18
268
785
18
163
16
630
465
802
779
451
109
156
528
67
797
525
848
531
850
894
142
573
579
777
109
880
778
814
433
302
691
459
263
103
907
273
724
3
641
756
434
318
129
252
461
949
95
862
439
138
642
164
581
726
115
978
325
472
250
946
830
203
570
128
757
302
776
707
251
412
540
94
195
852
403
801
430
308
735
227
446
130
109
552
993
764
742
334
8
21
19
202
815
385
483
526
365
90
726
765
635
380
641
173
489
435
737
961
236
473
898
770
42
620
845
892
873
810
398
643
1024
510
402
235
641
632
153
125
769
86
859
943
477
347
182
677
541
996
779
680
794
762
324
403
838
405
41
812
860
47
631
258
828
749
671
630
793
280
447
593
25
250
310
114
252
163
345
201
579
1011
424
485
497
551
0
647
931
378
916
281
1006
663
31
641
937
379
76
980
651
582
972
502
591
982
540
269
279
576
926
417
968
610
27
461
920
503
724
904
70
362
342
841
287
194
601
63
720
623
114
998
986
756
133
127
402
138
888
358
108
1
146
778
158
612
671
365
391
834
518
302
483
978
167
982
815
633
71
406
173
856
423
991
656
516
537
141
175
821
712
428
283
906
308
600
588
869
519
986
189
752
358
71
318
762
309
223
539
915
185
596
173
354
571
146
410
610
602
183
612
106
361
498
388
772
579
340
646
241
608
41
629
404
238
309
750
297
613
108
614
978
711
508
656
536
152
861
69
682
807
908
350
66
271
591
937
42
236
380
819
529
112
379
1006
79
158
141
985
228
953
166
18
807
336
38
579
673
865
285
480
482
709
938
93
814
774
769
491
194
517
129
457
585
150
753
612
976
132
797
150
73
169
959
866
365
829
95
870
94
272
760
409
736
741
937
498
412
178
1002
623
673
682
1005
83
219
842
946
793
239
114
324
464
472
168
904
152
625
961
617
427
179
1019
567
672
130
414
563
285
984
949
303
857
933
962
346
74
328
284
681
846
183
101
953
126
970
802
603
989
520
407
412
180
252
686
937
39
378
210
458
113
555
387
767
781
446
573
603
856
683
600
745
2
956
100
774
270
150
921
569
402
22
996
451
83
629
912
162
353
193
653
259
657
251
912
361
948
709
788
150
888
156
894
968
667
766
93
971
122
625
394
291
449
109
404
608
77
659
319
539
447
288
193
616
594
171
835
131
915
97
809
392
568
595
299
63
90
813
104
670
847
1005
109
323
177
716
382
808
56
685
502
304
55
396
363
217
601
379
543
73
180
137
966
768
340
802
950
818
614
356
71
39
587
822
945
197
684
827
705
904
985
1012
101
775
1022
168
656
650
379
968
417
251
384
284
383
580
636
601
938
35
483
590
4
231
540
667
701
445
987
372
101
830
774
1014
759
164
136
386
510
611
578
1004
830
670
2
10
401
303
879
871
367
446
55
703
946
368
932
129
306
546
104
348
284
447
328
1023
13
822
240
728
463
708
932
573
128
346
677
751
193
304
510
404
389
850
621
921
811
620
881
848
619
16
128
710
32
695
633
312
550
943
75
882
0
640
42
784
691
288
885
947
63
1005
938
104
100
18
459
430
630
88
582
361
507
457
145
366
52
420
578
326
984
836
500
582
638
1024
657
725
850
579
191
73
226
798
613
744
640
730
924
505
384
7
247
235
847
339
168
355
132
603
94
301
910
786
324
537
793
479
387
474
24
156
212
664
908
50
979
180
