1024
430
484
918
685
831
989
79
271
848
529
198
700
843
680
985
633
22
658
503
585
270
71
982
70
685
928
169
377
746
995
783
952
3
662
264
742
430
295
631
269
907
982
166
390
225
711
753
317
983
109
880
120
990
681
241
813
479
112
455
562
947
519
633
764
690
650
614
129
15
59
51
467
320
25
877
898
362
711
766
273
923
941
10
455
472
194
463
543
97
386
505
860
726
563
643
361
138
592
778
341
808
894
14
668
159
809
615
403
914
260
913
932
579
171
686
452
248
744
524
13
507
758
663
872
418
997
484
245
63
183
822
829
741
351
992
109
842
714
234
42
551
719
391
207
140
17
392
954
829
298
471
1011
554
58
211
194
269
539
897
961
55
64
841
846
857
1014
392
84
728
183
617
1008
164
343
396
121
776
632
745
841
779
959
232
239
128
304
575
495
561
21
555
883
846
925
928
824
185
436
731
776
246
665
531
290
452
428
152
718
570
167
345
1005
556
762
777
431
164
395
7
364
556
279
191
573
978
461
177
97
804
144
436
424
806
555
852
92
232
320
912
900
735
861
802
250
718
755
11
359
564
204
920
399
545
129
555
507
169
327
694
76
665
704
991
285
766
311
403
530
215
294
804
729
358
835
645
543
805
30
979
757
221
778
600
231
762
310
325
207
46
206
511
81
862
700
851
634
554
380
26
686
251
658
83
149
660
309
486
639
297
630
586
349
1002
935
363
478
548
700
180
135
273
823
766
515
318
667
435
696
554
133
554
694
69
728
971
203
707
452
899
476
761
594
815
912
818
634
597
789
81
21
905
824
470
809
509
750
138
120
275
668
148
18
835
679
459
814
675
853
706
428
502
940
693
972
616
133
583
843
627
740
763
170
131
704
310
858
873
86
310
685
817
850
820
531
675
728
197
202
352
83
788
447
857
833
645
832
971
831
174
466
769
962
765
899
624
294
415
627
870
1018
894
885
471
463
871
7
932
1018
20
197
311
916
114
668
512
5
87
201
825
679
545
439
344
23
377
4
39
60
469
847
634
782
894
236
735
756
707
962
444
596
765
118
680
299
812
277
127
444
604
197
129
432
527
693
750
653
886
314
176
571
80
149
229
772
282
338
78
935
786
740
32
618
135
249
701
279
34
463
261
929
682
849
866
888
28
118
243
352
574
622
670
260
990
227
775
419
157
771
952
281
466
834
546
182
962
936
593
832
942
379
509
297
861
140
994
706
994
727
218
840
709
715
241
645
704
805
343
45
533
1023
794
36
150
640
816
427
992
444
556
916
667
223
403
516
660
246
439
669
237
357
1007
628
574
445
631
176
975
471
1009
1023
404
678
97
428
232
596
692
471
985
53
801
524
363
177
587
342
598
113
197
545
771
1023
923
431
389
594
553
389
405
1001
871
714
786
314
296
699
132
132
983
416
715
143
528
684
183
440
649
739
172
894
220
13
409
562
291
796
506
952
687
777
662
1017
972
507
716
446
917
102
255
712
541
388
1017
1002
1000
382
296
107
110
512
1001
544
474
909
62
991
494
371
128
317
733
780
359
183
462
728
228
660
315
875
959
713
169
475
585
869
355
597
834
468
632
546
477
186
935
880
661
183
827
780
611
531
437
966
211
230
379
800
353
482
1020
241
671
607
796
855
231
95
841
336
920
651
768
724
196
851
507
723
50
92
647
627
143
361
516
760
829
824
859
41
79
493
483
488
755
791
142
577
742
1021
655
563
694
829
61
921
700
591
218
153
197
675
270
558
27
660
647
686
854
654
946
871
480
218
172
808
641
714
124
827
859
895
22
302
348
196
166
942
488
470
983
945
972
781
38
125
574
165
581
218
972
351
741
576
520
275
511
467
741
775
571
643
352
9
174
538
30
910
682
714
49
528
812
784
254
433
326
1017
1013
753
981
891
764
623
308
600
259
126
1009
692
431
425
254
203
23
738
275
246
904
184
88
59
965
870
583
470
935
468
414
785
612
172
566
115
924
149
763
267
722
423
97
766
100
128
52
612
646
301
556
429
22
145
92
908
725
481
319
714
966
910
669
81
690
239
90
500
84
664
180
975
921
630
256
879
159
268
845
980
981
82
240
82
671
58
222
58
858
429
1018
255
176
614
430
541
460
815
253
435
932
753
631
46
865
375
937
300
17
285
400
441
788
345
514
194
873
34
36
419
912
822
552
878
528
566
1019
753
259
612
712
466
61
135
214
946
602
152
579
292
61
629
582
45
856
393
625
768
850
268
175
856
343
679
906
282
869
648
745
353
303
489
240
57
170
503
35
921
151
581
646
46
702
710
242
3
986
558
762
764
719
939
192
228
760
16
75
209
98
823
1019
957
940
246
538
732
