1024
667
284
866
847
568
561
370
585
639
586
532
538
78
656
1017
790
120
244
189
658
904
239
293
695
719
781
245
951
431
199
420
721
17
857
838
692
392
952
96
646
198
41
251
375
107
165
944
459
114
849
460
800
1015
13
661
351
976
351
178
703
714
713
658
450
347
356
503
813
773
461
336
794
1014
49
216
658
874
433
443
80
852
996
90
451
69
535
369
801
528
974
370
982
440
379
773
729
862
777
39
416
324
9
600
115
992
298
286
312
580
13
806
547
937
187
804
314
185
111
513
557
890
819
261
209
497
308
457
805
713
87
573
709
571
508
370
710
68
547
340
232
655
588
319
577
72
910
186
52
500
180
82
216
516
147
204
857
714
642
594
979
122
331
244
803
151
751
221
581
306
566
280
404
416
729
219
1002
85
667
965
337
1013
90
87
309
817
222
672
294
854
492
886
595
350
489
221
946
649
611
671
803
577
36
60
764
199
55
853
637
610
939
669
868
856
177
582
408
306
298
973
995
834
981
114
951
586
509
640
253
633
1013
192
437
890
763
520
144
338
198
425
283
333
206
53
301
116
832
571
53
421
629
563
359
476
213
71
336
36
414
629
992
687
758
399
498
143
460
566
598
171
795
222
745
33
994
721
321
867
391
55
838
596
394
811
833
589
287
539
48
927
170
364
259
400
759
736
80
388
886
120
994
1020
452
539
808
375
775
332
643
180
288
128
255
343
889
127
877
1019
385
282
428
407
842
1005
263
349
860
747
232
548
735
52
246
230
748
621
315
83
11
533
906
153
831
738
922
113
285
945
855
584
573
51
760
763
334
686
184
147
964
973
1011
556
823
326
299
140
338
777
9
874
260
977
794
928
397
940
304
374
956
597
222
150
979
636
329
160
690
544
212
336
872
906
457
355
821
766
104
79
851
228
794
439
977
248
973
495
368
786
59
547
1024
503
435
577
697
816
470
848
887
710
492
556
504
102
647
1023
506
256
580
392
832
285
369
522
663
121
168
1009
134
208
696
99
768
85
887
644
895
332
472
987
937
377
257
378
703
82
616
352
625
775
648
432
999
244
633
827
777
120
39
519
5
323
738
529
441
775
24
181
653
1015
647
833
766
680
676
367
352
349
393
439
911
161
206
510
908
337
315
1008
863
1005
245
115
382
145
792
239
278
882
284
73
102
599
283
559
435
788
888
88
280
446
71
192
108
340
258
964
142
864
224
861
379
325
491
917
632
642
374
787
518
856
84
146
357
861
722
416
945
791
80
196
443
881
740
612
978
215
704
80
421
47
212
0
843
803
470
964
117
900
93
538
418
74
904
252
510
571
197
602
197
859
467
219
599
180
380
600
204
666
435
305
288
216
67
234
705
29
820
346
208
906
430
978
173
980
74
148
733
522
113
303
298
164
181
805
692
880
83
127
594
607
444
912
362
626
603
211
476
705
210
204
252
651
9
595
85
913
99
770
104
454
693
739
162
841
478
450
561
492
906
170
870
894
585
211
292
543
585
707
706
431
401
588
679
229
337
837
396
275
361
906
735
178
271
130
825
20
453
822
71
539
867
727
750
484
857
607
683
258
828
334
803
895
0
552
757
635
1003
123
305
548
358
335
760
469
158
743
223
937
339
444
107
527
67
685
992
212
158
370
113
38
165
917
278
730
706
237
934
882
505
1015
74
30
467
1008
293
28
644
666
438
602
290
944
517
33
559
37
339
37
411
878
262
154
374
38
670
546
198
675
560
1015
450
868
969
150
89
681
464
760
33
207
384
244
509
872
154
531
364
772
527
867
577
425
719
881
287
542
421
44
179
16
966
26
395
189
163
368
758
211
348
317
667
553
46
23
126
858
968
581
546
826
320
526
533
381
106
483
694
35
30
900
284
280
559
979
862
459
990
1000
790
453
132
522
818
918
505
55
405
437
708
673
184
131
444
989
269
63
18
239
396
268
7
678
229
635
688
827
416
98
609
463
693
209
863
124
780
465
672
511
445
266
285
307
312
718
642
90
686
865
88
407
185
988
869
40
679
51
739
691
638
580
290
170
835
329
696
954
878
485
557
525
487
868
605
79
1004
496
667
776
687
47
965
291
914
831
37
724
326
734
28
512
31
382
317
533
703
664
728
750
384
101
148
212
657
874
515
493
285
431
247
922
248
984
221
160
334
564
64
264
829
687
1004
331
209
973
888
958
699
9
93
230
650
599
466
799
141
803
875
40
217
477
114
409
291
995
476
255
261
900
439
407
885
1021
982
228
705
760
257
778
246
260
930
248
980
168
489
362
156
303
518
258
908
633
14
166
730
404
376
921
529
484
626
713
134
856
283
158
25
246
658
435
805
204
279
572
646
