1024
860
766
375
527
590
843
782
545
959
515
276
698
200
231
598
715
965
755
708
538
678
534
4
1020
778
640
969
755
56
534
47
337
668
249
548
692
294
636
13
508
179
908
116
1014
96
147
117
803
85
464
329
897
651
647
597
119
110
792
677
497
729
356
508
739
930
104
450
266
312
623
535
196
908
422
504
417
736
110
960
66
149
768
197
151
316
361
453
147
289
670
354
170
388
20
65
885
295
595
911
1020
114
351
1002
702
459
92
977
359
385
486
461
417
218
432
680
527
651
835
716
673
81
877
1009
735
843
465
671
123
350
940
680
575
202
575
52
74
237
954
48
284
298
700
132
660
468
275
990
197
626
176
528
210
425
899
708
124
775
565
259
813
787
453
621
698
64
885
439
458
584
976
363
678
680
104
349
622
971
32
503
454
246
579
140
436
105
197
465
380
954
179
754
248
136
410
510
91
220
924
837
919
875
247
404
980
817
183
611
124
862
499
486
455
516
191
714
913
77
414
427
388
78
274
58
812
61
41
156
484
111
355
863
523
476
779
739
675
934
268
238
45
231
429
250
399
402
129
387
175
170
1019
553
107
955
719
162
818
167
694
361
574
245
850
248
380
798
556
973
190
238
796
781
201
219
629
103
527
927
569
387
885
269
495
962
560
283
378
988
595
85
617
970
33
144
0
661
573
104
608
584
1022
29
81
569
438
965
821
353
37
49
618
873
579
186
404
685
641
854
186
397
467
401
16
704
660
270
512
748
157
879
18
143
614
525
656
97
567
521
798
316
159
797
463
0
856
884
262
772
346
313
41
363
819
796
254
435
72
131
1013
225
266
413
756
250
423
962
811
774
429
69
325
270
51
122
247
8
270
110
649
288
643
511
889
830
916
782
587
968
28
207
119
815
975
88
856
453
930
583
974
1012
884
721
228
526
9
76
133
17
479
831
996
285
464
135
524
701
142
61
243
37
254
1017
534
90
304
285
345
265
576
627
567
268
743
540
219
402
179
607
243
253
1024
876
867
823
772
926
896
946
861
244
536
534
422
1009
885
799
435
386
215
260
828
357
989
962
861
720
110
213
785
712
719
892
483
90
791
937
558
660
929
438
341
923
705
224
250
688
812
615
376
728
566
19
120
997
584
502
41
300
679
240
14
356
763
48
472
391
279
691
777
7
467
117
970
716
57
912
463
569
968
204
285
678
349
53
971
803
792
349
159
431
658
797
135
572
430
1008
555
613
895
146
351
797
466
1004
9
225
851
399
803
120
972
284
190
622
636
970
817
985
1023
924
42
265
836
184
320
350
951
862
325
613
79
361
294
738
778
902
930
106
353
523
901
866
527
468
209
940
389
240
55
842
646
646
504
874
1012
702
815
676
437
817
333
299
429
374
545
527
317
802
924
978
897
16
526
275
221
482
397
947
720
491
248
545
74
933
399
374
896
685
787
560
65
47
231
507
450
253
31
996
999
622
415
409
656
782
390
851
793
5
899
46
570
284
827
372
736
238
565
909
330
386
442
942
968
786
562
74
640
63
768
778
721
268
718
58
950
530
161
48
792
719
738
613
998
103
208
608
974
10
845
582
90
158
32
847
264
128
941
974
569
834
715
723
319
748
138
557
57
108
610
420
933
254
1013
982
1017
593
924
427
208
661
19
529
892
258
749
275
120
309
913
976
711
650
760
475
776
913
50
475
266
336
405
399
833
360
838
567
672
221
329
102
857
598
1000
827
544
48
819
190
740
507
86
948
618
508
939
870
984
748
799
429
829
14
278
541
129
687
250
699
973
597
1012
874
302
267
577
643
862
810
406
641
170
877
48
791
804
544
180
576
752
99
680
98
9
922
942
256
529
903
405
746
916
253
323
984
941
95
598
8
527
819
773
563
640
601
402
368
798
734
467
385
70
10
35
18
110
904
48
118
622
692
310
70
593
769
811
666
131
530
922
157
341
400
91
981
271
860
681
558
100
190
755
8
806
328
226
911
398
684
385
580
77
751
122
45
965
679
878
164
377
1008
317
145
117
904
609
849
215
870
512
217
299
940
971
188
879
1013
595
258
111
157
624
120
536
733
893
83
50
540
1018
726
1001
889
684
75
633
543
525
184
619
757
480
178
842
15
95
721
117
982
449
816
575
84
504
266
686
343
723
517
935
906
650
593
353
670
850
74
592
704
1
10
629
763
174
372
283
536
99
253
486
165
118
84
16
263
707
507
96
232
657
681
589
317
263
6
967
769
629
295
847
626
334
265
400
987
142
625
163
529
983
615
894
526
983
741
761
528
967
275
472
104
840
992
28
356
328
237
115
596
890
821
109
671
720
966
50
677
30
821
999
8
611
506
176
971
326
