1024
723
106
492
775
402
598
342
240
883
977
772
599
446
482
632
276
457
384
733
838
891
79
845
337
578
284
927
971
90
128
432
278
468
88
1020
691
258
924
91
506
819
552
62
564
698
978
217
825
193
751
78
9
274
989
90
262
365
760
137
266
801
785
499
50
772
789
942
13
329
33
947
458
760
794
94
522
677
346
1011
603
32
577
663
260
563
907
879
414
70
497
209
85
259
427
541
487
457
458
549
800
761
173
370
953
181
693
823
223
242
649
283
245
238
724
95
65
408
504
173
188
661
89
576
647
915
550
392
746
242
488
1011
989
695
438
78
821
710
333
168
452
329
703
395
313
61
933
127
890
468
500
120
927
166
67
652
228
143
552
905
841
978
91
564
574
256
67
598
969
747
788
126
947
808
491
727
499
833
52
507
236
333
543
847
954
653
994
954
26
338
876
882
1004
318
693
404
553
613
206
504
245
903
61
661
396
576
974
558
390
787
899
869
609
734
298
365
701
94
394
953
320
936
953
144
244
147
454
748
939
941
32
382
567
643
256
690
604
568
1019
222
561
178
208
986
458
247
504
779
527
536
882
6
342
272
203
563
765
179
799
799
663
336
757
881
737
528
400
201
247
654
563
83
713
290
863
549
352
543
795
191
754
1019
974
718
356
836
45
994
662
228
979
767
815
992
534
498
640
63
549
188
123
720
589
499
349
428
627
255
714
303
857
701
798
523
183
455
573
910
958
194
14
48
277
907
282
994
547
902
123
810
791
570
1006
679
972
772
215
862
303
814
81
150
358
371
6
86
133
725
218
974
327
88
1001
393
27
334
137
558
968
617
113
206
94
315
509
428
678
230
824
841
731
995
941
730
1001
272
759
746
371
939
577
410
586
485
676
67
571
355
342
820
997
247
475
878
630
362
515
913
611
217
858
646
666
414
731
690
441
541
371
541
441
582
893
606
149
163
183
825
138
142
901
889
808
393
1001
272
375
731
672
954
699
88
912
530
981
844
2
687
382
223
282
424
884
146
323
984
522
15
658
425
64
931
769
948
564
628
612
962
384
336
767
448
888
188
583
814
372
997
212
338
530
413
834
523
256
40
244
894
25
928
220
697
696
864
958
147
441
555
177
437
781
151
530
372
81
796
516
738
768
559
907
340
479
182
346
777
122
783
791
759
166
616
954
337
265
210
476
634
667
732
525
222
507
174
695
570
276
296
326
567
899
255
520
324
994
650
267
236
33
790
252
4
356
987
996
191
142
181
320
512
365
725
587
892
745
284
17
970
315
1010
612
609
584
788
566
963
708
881
920
962
565
543
894
1017
23
868
431
1016
581
974
444
1011
757
191
153
908
440
505
240
434
213
260
13
115
604
892
556
839
292
965
665
892
213
470
895
156
598
80
424
529
936
817
873
179
7
672
160
789
712
807
75
887
832
394
141
362
812
208
933
639
497
986
899
115
612
53
522
877
486
488
85
554
438
863
583
280
268
763
447
97
603
86
322
174
105
779
613
644
998
569
233
10
906
1
963
646
259
802
21
542
158
912
501
869
493
389
610
366
795
17
880
352
117
355
671
295
1010
713
16
167
953
586
935
609
254
171
189
501
727
80
670
534
9
170
831
200
301
576
879
630
668
64
291
70
409
569
915
67
427
517
3
284
468
998
503
76
207
548
18
711
546
449
682
305
479
117
132
384
216
629
393
228
105
514
645
782
460
686
730
409
310
573
172
209
363
505
476
46
465
147
825
296
300
289
266
227
11
591
591
158
590
795
184
261
333
878
698
1012
308
646
920
246
616
171
176
284
463
863
351
220
710
158
898
266
571
107
695
689
8
431
258
313
626
242
234
953
485
793
382
220
88
402
153
441
194
681
591
724
562
706
564
160
577
618
630
675
853
359
210
85
965
460
313
587
712
202
504
370
733
819
521
16
801
1010
246
891
59
456
33
790
458
821
664
601
778
630
409
492
740
490
70
836
219
537
842
821
116
896
1
701
305
556
40
926
470
302
942
516
90
765
153
807
971
891
79
123
981
253
614
807
784
980
487
319
252
455
961
700
157
505
753
87
307
591
774
373
226
287
934
214
244
1013
575
12
876
612
362
432
875
604
593
567
484
244
754
963
519
65
774
41
105
238
730
725
0
484
577
1007
80
1004
979
903
434
475
857
724
963
684
1023
151
98
712
713
872
493
807
12
95
364
244
440
654
319
353
888
671
523
882
341
232
76
293
812
414
589
538
640
144
72
892
461
930
422
756
339
712
277
84
613
216
301
806
16
253
73
33
240
147
21
280
949
674
323
169
182
701
655
533
588
631
22
842
224
378
465
724
849
107
427
593
755
648
733
538
706
