1024
617
756
192
13
312
476
897
833
1004
587
365
917
242
402
882
523
172
604
999
226
1018
674
958
982
864
160
727
769
674
915
463
695
363
47
113
523
126
492
282
435
26
383
1016
675
567
661
182
2
668
382
745
337
663
82
269
64
701
214
717
545
12
44
280
190
782
85
621
3
667
53
57
598
41
947
997
214
202
918
775
2
606
323
326
945
444
414
450
673
668
326
722
466
577
474
240
76
203
478
1023
308
570
679
893
936
124
585
381
64
662
401
16
996
842
546
558
368
633
664
613
942
369
319
255
648
255
875
161
224
985
860
533
186
563
822
403
119
373
670
206
852
337
428
373
332
212
168
175
925
395
827
911
1007
395
107
855
115
21
24
6
649
427
763
454
471
360
962
292
902
851
615
490
34
703
179
205
500
593
286
997
871
959
874
499
92
313
524
26
970
892
709
659
201
915
895
75
970
716
660
138
900
626
756
230
227
270
926
901
935
781
69
744
576
490
818
566
416
741
476
340
160
763
572
12
850
733
837
644
467
253
318
663
819
842
427
448
1003
447
908
863
28
598
599
187
312
241
618
179
86
246
753
276
876
614
433
977
487
244
196
466
789
775
538
463
328
530
46
216
878
732
325
496
227
885
999
165
387
424
304
571
362
400
279
364
35
415
1
400
91
802
653
800
692
961
715
204
103
797
983
533
390
538
477
196
982
495
351
400
116
236
877
849
343
822
948
149
800
114
52
209
597
713
742
891
50
464
382
544
837
730
534
416
106
383
557
382
674
296
839
685
801
939
305
111
237
35
552
140
153
701
281
334
907
299
112
20
632
72
40
108
200
407
153
875
662
670
858
433
808
65
506
785
734
666
568
614
233
695
9
853
202
101
454
664
930
968
392
518
232
487
169
555
872
957
165
969
481
948
591
745
725
662
561
469
194
642
675
440
509
360
172
790
1005
289
319
50
627
986
191
588
684
378
263
523
556
403
983
661
200
556
2
708
939
930
26
507
581
116
606
766
231
619
920
540
574
242
588
442
904
698
131
520
780
474
819
688
880
862
900
14
361
32
340
760
795
699
63
676
64
273
383
677
635
51
112
568
987
904
33
732
730
447
825
640
303
494
294
690
571
381
285
89
543
853
876
238
776
790
803
764
77
325
996
402
828
239
595
385
256
222
412
796
1013
603
895
127
65
135
228
157
298
112
587
862
233
445
760
614
293
36
350
527
870
491
370
27
1020
781
274
594
493
158
416
533
660
445
940
345
942
136
87
758
746
112
110
362
7
248
309
209
824
307
807
754
711
1001
573
751
352
244
1024
652
739
734
828
884
613
338
592
545
640
188
372
114
567
471
227
625
474
787
772
474
724
431
296
187
972
17
570
686
63
269
639
84
32
864
359
667
837
644
470
979
998
1024
601
927
448
280
349
652
130
486
337
797
482
223
970
682
916
807
365
1007
320
345
19
470
457
468
803
869
196
666
159
910
845
280
203
798
100
582
776
470
579
793
306
589
505
553
905
896
828
534
929
830
282
154
83
287
32
569
854
316
707
727
328
630
933
764
731
355
180
495
937
145
319
159
900
210
192
207
189
676
68
410
265
347
117
237
659
37
841
86
244
965
208
187
580
406
124
105
641
317
369
128
127
647
955
89
300
73
19
47
25
802
912
700
355
671
45
172
605
290
936
37
794
692
721
389
513
508
199
81
415
298
333
545
771
0
1021
20
861
611
411
936
486
1004
669
559
213
946
236
559
789
563
323
329
137
375
85
623
773
253
951
398
575
961
779
825
228
303
42
427
717
166
757
656
679
55
624
213
814
339
878
1003
87
348
130
980
81
944
292
304
943
849
188
744
628
906
384
9
877
491
619
773
191
175
523
62
727
768
108
894
165
1019
93
14
380
198
365
865
391
243
240
703
664
628
751
788
27
806
817
308
30
621
264
471
478
45
156
6
748
902
439
772
252
79
123
299
529
639
108
1022
746
236
897
139
529
812
417
309
282
329
725
692
86
726
586
34
862
135
24
345
883
206
886
81
28
721
116
331
383
151
394
353
931
796
108
36
165
702
972
986
896
125
850
292
457
810
91
918
538
888
637
866
178
515
751
26
570
84
266
791
839
296
273
849
674
822
925
662
183
568
227
543
322
832
834
186
451
916
361
524
761
686
347
428
876
532
361
868
816
289
780
180
739
621
814
478
707
198
168
361
260
683
33
686
99
68
332
492
459
34
958
398
810
910
629
863
952
53
15
765
740
502
764
100
934
584
76
200
808
875
827
482
961
334
127
92
684
532
108
234
834
234
391
979
868
946
893
1022
615
897
42
929
355
869
429
200
315
768
90
989
669
663
815
