1024
689
492
817
261
753
377
171
803
834
614
895
631
563
753
235
388
615
313
811
188
909
787
569
74
541
705
664
828
62
339
534
614
447
940
561
187
834
656
1024
118
633
562
601
116
197
588
292
728
629
1020
711
1020
406
958
927
676
90
979
605
121
775
13
658
896
642
566
464
83
477
758
238
204
823
982
67
84
547
323
279
889
893
653
409
479
699
378
267
890
692
771
790
983
219
422
209
264
612
590
567
62
841
258
784
571
462
804
38
426
506
337
927
177
155
920
400
259
441
79
963
758
859
635
509
740
915
372
299
523
661
262
825
292
91
743
435
700
559
26
274
989
8
939
749
850
271
531
161
985
288
222
322
291
161
1011
984
834
211
717
13
411
65
765
240
929
477
790
130
144
205
616
542
714
993
485
395
173
55
195
204
293
977
839
799
532
187
299
404
649
632
259
512
784
154
282
801
68
102
988
735
443
478
519
495
484
385
272
512
479
276
635
26
871
123
2
712
513
444
1016
105
614
488
901
901
292
241
56
503
949
193
931
36
70
372
702
974
178
94
698
681
966
774
566
93
299
418
877
452
196
507
628
278
57
320
415
276
795
598
315
329
653
904
178
6
608
999
96
656
784
121
44
539
932
336
706
943
281
602
442
373
703
942
555
131
475
490
699
771
57
540
244
280
317
423
368
466
572
364
688
275
78
296
689
679
643
758
726
17
458
262
862
820
985
234
309
996
182
452
510
475
843
375
34
329
137
955
27
270
435
541
443
637
19
654
907
756
401
858
344
852
495
155
167
179
58
43
309
48
619
602
748
547
896
444
978
527
268
594
789
313
770
594
316
444
539
1
91
355
448
419
313
874
1002
930
516
863
1014
873
30
526
143
427
229
87
1006
993
155
804
821
650
214
428
43
581
282
426
469
394
578
112
72
246
346
627
630
238
927
154
798
286
975
714
206
327
774
239
974
346
900
168
966
180
889
535
856
529
268
359
775
673
666
654
583
187
70
598
32
812
509
485
494
806
529
826
166
751
233
59
544
803
351
620
826
432
402
420
691
530
276
991
265
813
732
585
188
27
311
291
910
305
355
180
69
28
190
91
462
51
454
709
489
722
749
129
572
592
339
23
45
612
223
2
941
713
30
486
176
574
691
149
854
394
562
665
616
480
413
823
460
760
240
300
625
321
282
743
338
824
301
205
511
839
75
175
629
288
19
3
879
590
973
719
485
786
167
218
93
751
703
157
578
271
474
973
680
971
191
387
306
249
876
794
546
247
865
267
250
558
971
794
488
951
806
474
543
116
319
283
565
360
418
424
193
991
976
763
446
940
677
103
586
122
632
683
697
952
468
4
716
353
176
441
337
356
971
908
603
79
48
213
32
877
118
827
724
347
542
867
687
543
958
877
346
625
120
713
487
935
876
113
909
663
46
522
646
740
117
482
324
369
495
348
538
830
242
608
535
844
12
362
149
100
202
660
732
932
1010
787
439
264
20
370
692
382
909
719
741
804
13
739
381
697
720
61
92
830
221
1005
60
807
288
401
693
921
665
488
889
138
835
771
89
29
942
497
15
470
45
644
884
402
359
125
412
663
767
766
746
368
524
255
717
727
156
79
1013
252
548
318
946
526
168
490
963
267
511
223
802
818
850
861
316
353
869
171
44
1005
809
765
459
57
638
671
836
1012
478
501
896
464
52
178
62
231
640
852
556
23
770
313
898
401
631
6
333
417
178
366
974
364
856
465
298
414
993
377
853
73
35
812
104
855
414
43
423
451
798
709
404
358
601
514
218
105
696
745
217
420
77
143
790
472
1009
204
281
6
46
714
164
402
741
87
452
689
803
952
142
348
215
954
29
351
22
519
654
925
428
643
250
156
285
66
174
967
374
375
461
376
303
880
174
412
344
499
720
291
465
784
360
94
543
393
1009
10
983
127
81
706
169
332
686
448
439
613
792
540
8
341
834
93
184
120
293
483
785
116
618
979
581
628
253
906
322
962
765
433
422
73
465
413
224
406
790
98
318
251
262
846
69
449
375
734
170
693
909
86
800
104
985
36
392
430
973
939
108
460
915
669
284
78
653
6
928
556
827
923
609
501
227
612
549
79
177
806
724
804
416
630
272
534
549
799
79
210
620
355
582
841
907
728
606
895
570
390
627
304
105
673
26
841
364
504
608
623
251
895
272
747
174
562
14
542
95
523
894
956
386
354
244
883
288
688
285
245
65
469
676
352
884
203
278
728
309
177
297
421
644
534
328
728
669
300
929
248
412
561
2
656
430
138
731
508
630
625
313
917
67
221
374
240
431
308
74
714
711
331
690
851
287
281
305
995
197
279
779
792
275
