1024
599
517
273
17
650
97
734
609
985
754
904
812
831
528
21
252
778
98
134
33
224
583
633
263
119
703
850
595
691
486
965
771
722
301
30
103
664
488
349
787
172
150
531
150
760
747
553
33
528
782
97
932
158
185
1
966
359
958
1002
179
947
343
308
400
507
534
155
139
311
405
478
632
64
323
809
336
233
806
437
111
126
5
650
461
688
379
295
475
903
971
308
220
987
1023
815
332
130
144
784
372
185
728
667
192
629
1000
561
376
555
339
970
260
364
255
368
397
854
520
504
378
170
971
246
181
640
586
199
936
903
151
23
938
881
314
402
577
760
894
744
93
47
957
410
319
926
27
955
356
720
21
677
246
696
204
133
438
821
129
244
432
913
592
67
4
1002
29
233
812
481
807
191
483
71
265
33
63
485
866
6
67
440
211
807
612
862
967
398
458
265
871
788
151
442
390
56
782
46
765
682
951
698
431
897
473
961
916
125
360
799
163
226
204
41
456
952
1016
123
407
436
650
905
819
517
399
710
593
146
418
743
365
257
1016
406
522
646
997
5
468
980
955
536
476
212
436
665
117
57
9
1020
842
652
451
475
121
238
522
872
142
481
140
568
731
484
101
565
853
385
952
607
570
779
665
424
270
662
414
345
596
273
207
948
493
449
272
906
934
733
796
158
70
200
72
129
685
907
248
133
118
56
248
47
845
913
265
180
71
184
895
186
246
523
99
362
575
182
576
981
349
767
473
820
363
451
454
35
97
17
521
35
94
518
894
699
910
538
623
528
348
445
446
297
425
887
253
783
384
319
786
541
477
105
952
1
1015
384
418
857
882
349
978
310
516
635
749
895
376
28
530
153
620
96
850
753
497
328
249
642
95
198
307
417
412
569
462
1007
1003
130
142
185
846
434
653
883
136
379
799
951
863
629
760
764
317
783
739
599
842
956
657
366
18
237
582
474
331
875
340
941
275
901
874
604
897
832
631
667
662
579
925
188
975
583
105
82
994
140
780
992
845
717
962
461
342
871
27
543
307
804
899
59
935
786
711
721
909
982
940
670
866
190
64
3
332
183
400
868
81
850
693
972
807
675
777
386
341
413
118
420
501
140
402
617
898
976
842
73
686
459
619
857
453
52
181
705
598
723
470
737
143
491
122
601
131
805
613
578
254
334
234
987
972
692
191
781
140
532
484
273
154
796
787
179
231
124
183
579
324
457
71
460
648
796
777
3
225
193
53
491
299
15
860
49
876
173
580
752
726
717
828
946
191
487
418
580
887
294
1012
22
167
658
46
753
46
379
317
290
413
844
667
650
767
903
351
467
289
369
863
773
599
603
999
593
645
83
636
45
168
434
551
358
712
581
216
267
866
885
422
490
74
763
1015
408
839
276
157
39
370
91
331
1005
755
343
203
884
362
74
448
544
864
443
771
951
616
517
309
802
615
939
803
749
565
973
587
317
789
617
781
660
222
79
266
725
180
139
642
313
201
29
947
986
643
236
614
13
484
757
211
1002
751
211
67
57
258
515
988
843
873
333
565
90
990
147
25
88
910
88
466
575
83
415
120
387
295
713
993
42
912
543
675
610
785
378
1002
604
530
420
749
355
264
798
1010
251
768
1014
923
352
895
373
856
159
853
841
116
691
549
743
791
267
504
178
533
315
174
30
167
446
731
669
451
403
324
363
459
913
623
485
207
672
106
76
1021
754
336
731
942
848
162
243
1018
75
965
930
571
848
467
887
319
613
238
350
647
405
181
541
415
950
751
312
186
313
578
446
92
843
451
663
619
808
877
111
559
801
821
38
586
904
113
524
135
275
437
413
863
850
155
623
280
127
250
268
191
475
285
574
291
28
68
134
276
538
409
273
330
738
704
831
436
184
647
671
259
457
658
950
690
155
451
48
469
386
199
159
547
321
252
600
785
981
2
694
915
50
519
579
306
223
247
524
849
421
536
900
427
260
289
936
651
822
288
232
453
524
771
759
523
117
425
680
754
190
166
857
592
232
960
998
414
648
70
439
692
347
244
868
228
797
728
407
309
302
1007
529
646
332
19
799
414
76
824
997
360
290
432
134
375
96
435
333
535
327
816
813
758
633
306
252
457
107
257
400
250
32
724
409
457
684
90
68
580
392
420
629
803
870
634
91
307
589
701
550
628
582
16
958
816
999
211
706
705
323
327
928
1000
501
736
167
304
402
144
381
261
251
209
792
260
460
632
184
499
686
543
493
640
747
413
65
697
154
416
861
679
501
262
1018
75
162
298
306
686
355
229
449
811
896
208
607
928
724
342
4
932
301
647
118
470
151
517
532
204
825
459
361
38
720
442
664
82
490
658
171
966
320
519
79
481
