1024
202
105
882
977
385
674
324
848
760
85
471
593
512
325
908
89
99
893
350
204
372
179
811
905
360
359
745
708
328
945
942
332
618
131
465
322
290
818
560
25
997
78
487
888
506
841
208
434
392
579
88
198
563
321
548
128
561
908
569
583
185
121
213
351
682
630
79
990
102
164
705
220
467
16
711
549
999
679
283
205
3
387
130
975
257
555
854
473
540
471
666
691
967
959
745
275
435
722
947
569
742
332
774
331
1002
847
36
19
576
107
874
84
388
27
122
489
771
984
177
349
519
471
450
831
774
108
855
345
855
543
209
617
1008
775
819
326
248
368
414
568
857
453
794
863
63
91
752
952
501
565
169
193
759
271
408
896
711
438
815
719
912
249
83
733
782
1010
889
155
25
563
774
552
474
1003
907
145
534
266
643
377
813
341
368
523
504
343
919
649
914
690
959
640
611
17
722
514
962
594
76
836
14
329
27
307
42
916
925
764
239
162
549
907
57
366
316
777
962
1020
422
968
486
638
600
290
957
1005
278
515
391
17
420
261
3
538
144
167
199
575
720
318
733
501
88
548
642
605
578
378
404
701
352
682
574
57
12
957
948
294
1019
359
945
863
980
407
716
64
9
463
518
210
72
579
442
840
1008
474
904
130
695
842
55
851
114
664
269
747
527
768
550
110
12
595
494
588
755
279
901
879
601
563
631
84
808
226
939
884
945
707
163
964
180
589
158
777
215
696
735
415
404
971
765
553
520
873
900
754
890
821
277
810
773
759
161
531
724
1
633
234
559
363
905
76
689
106
2
927
1022
621
1017
901
13
745
584
785
698
678
1009
880
353
940
620
782
548
379
743
771
592
627
61
590
563
513
386
589
680
882
777
715
964
280
279
945
628
340
1
917
739
678
718
454
291
643
642
715
764
801
995
57
260
759
756
600
658
239
20
410
786
291
733
504
474
533
626
319
541
946
45
152
785
449
908
29
667
912
88
486
421
323
455
724
502
152
101
888
470
668
190
653
492
874
116
710
992
191
153
814
64
788
663
628
5
525
404
161
611
660
728
985
425
345
866
982
142
497
707
80
695
843
245
293
401
30
175
744
967
109
22
193
535
58
852
501
660
541
75
324
122
895
277
82
706
122
727
163
983
519
997
859
31
861
554
358
31
261
149
968
786
115
330
226
185
1011
577
865
893
95
846
60
286
525
493
792
154
24
741
490
826
943
461
899
139
816
484
891
982
50
277
806
885
35
175
704
388
823
903
941
821
737
527
902
140
519
99
897
783
419
484
281
449
422
617
780
744
768
390
910
755
805
844
628
723
714
731
365
433
684
756
839
705
42
990
351
743
899
871
316
460
615
581
808
730
701
940
173
464
835
650
405
952
8
1017
892
740
1012
24
33
607
840
161
689
695
643
97
944
172
579
495
1006
143
942
624
272
369
524
948
787
1012
79
611
455
101
119
41
955
301
712
270
444
201
458
114
673
990
78
794
193
449
504
796
780
746
735
295
50
276
539
70
191
49
631
703
65
799
633
243
194
903
652
508
381
593
833
594
932
717
972
864
643
646
672
407
613
186
316
135
338
180
510
885
70
281
521
194
230
519
959
787
59
952
738
922
620
1012
71
595
601
77
890
167
810
832
3
178
347
433
40
868
474
929
119
822
54
366
848
557
1020
898
555
943
930
860
746
535
918
787
484
82
825
281
402
633
175
1012
506
810
934
370
288
970
665
298
116
395
846
994
726
53
398
438
939
952
168
59
511
574
43
176
205
119
780
506
141
58
337
295
103
0
207
975
319
160
193
98
143
96
2
823
224
141
431
714
536
37
212
1013
891
50
836
591
484
656
626
878
670
392
788
707
797
581
122
107
507
7
397
158
980
425
254
545
402
157
116
259
796
507
481
113
723
175
1017
242
535
660
450
639
567
441
1024
300
504
203
572
799
170
182
474
272
275
864
225
872
395
489
536
685
168
514
321
817
827
10
331
511
547
133
452
942
390
59
577
140
197
662
416
877
702
222
746
207
818
909
544
447
232
427
634
462
161
367
152
545
34
721
609
635
751
78
759
967
791
184
1005
303
860
715
583
333
356
843
485
848
223
27
900
977
68
408
513
210
212
254
386
707
216
361
612
941
338
545
528
876
305
624
791
799
416
27
966
72
489
574
921
938
279
774
874
82
950
799
117
486
797
469
397
773
197
84
66
732
527
441
887
876
571
285
479
711
901
419
453
23
502
53
373
246
675
588
166
495
944
933
519
820
355
227
607
105
785
10
817
305
533
765
9
137
87
1011
581
84
137
612
966
132
655
934
82
685
88
983
418
930
163
170
713
746
350
768
369
227
831
254
586
1014
545
