1024
545
34
408
269
425
724
809
970
240
395
997
442
648
462
693
847
394
546
334
675
939
449
796
748
687
48
593
211
10
84
858
391
155
620
45
609
276
109
379
858
808
618
688
556
22
624
214
229
706
223
165
907
1002
825
706
721
572
159
684
313
733
992
249
291
7
704
947
356
811
192
573
716
49
353
757
196
400
481
94
392
325
922
315
659
549
322
454
205
586
200
639
939
540
916
682
375
24
70
923
484
326
677
598
381
664
159
879
34
825
418
436
905
731
879
92
402
404
116
855
496
1005
158
594
159
92
736
614
694
174
431
910
930
190
77
793
652
402
506
689
789
402
850
165
281
378
320
1006
495
367
317
646
937
991
1021
705
254
1006
334
654
275
439
564
776
556
773
70
376
311
965
881
863
29
219
100
356
109
744
542
356
420
325
36
619
805
748
742
60
386
765
576
263
225
780
150
475
387
332
275
687
191
1
749
1015
557
369
554
6
986
275
734
589
601
103
364
545
374
525
359
906
724
20
304
985
598
115
995
849
283
257
305
924
68
293
640
807
998
940
553
169
338
442
128
75
458
544
462
170
1007
518
888
324
398
380
436
307
391
450
780
835
181
912
761
385
779
541
3
886
987
992
483
846
848
679
1007
276
417
442
411
301
961
937
277
508
668
408
793
841
716
761
303
291
71
541
246
361
51
416
411
925
271
610
753
56
7
465
600
499
957
667
354
692
545
980
520
565
636
651
227
17
604
934
276
151
821
560
404
129
805
693
276
524
507
899
645
855
372
286
153
234
392
38
421
143
97
883
642
650
570
754
691
397
112
997
458
316
372
265
851
956
770
11
99
392
386
941
588
213
525
575
887
814
259
411
676
405
923
832
605
938
567
264
960
540
291
861
583
704
653
7
205
80
755
133
424
106
574
812
939
204
14
785
59
680
958
632
245
222
290
30
411
535
865
775
957
903
207
515
367
135
600
102
54
829
573
750
745
384
757
582
1022
852
370
418
926
154
920
501
296
459
528
740
40
620
602
867
529
24
913
954
618
558
124
960
59
417
41
574
471
846
609
383
251
139
149
873
701
760
547
877
934
800
957
110
507
342
979
143
514
485
451
80
1005
899
213
807
865
197
962
316
138
107
814
312
1013
118
950
651
673
779
290
560
240
37
833
396
816
857
142
187
844
768
871
898
307
1002
750
48
998
373
112
732
264
902
20
399
625
800
274
220
1017
689
585
401
354
970
473
821
911
266
353
595
321
359
249
312
258
763
673
1004
96
257
351
446
346
768
995
736
466
211
713
1020
0
832
860
287
368
352
223
529
807
793
720
928
884
826
634
361
616
133
894
4
834
94
443
207
821
433
309
448
916
388
827
533
921
637
528
3
454
993
338
788
465
517
432
776
328
702
43
952
92
1005
353
390
756
168
177
746
214
517
731
583
329
331
104
162
943
489
12
392
683
585
141
798
977
616
713
720
543
478
622
20
480
200
1019
501
536
798
399
757
36
670
883
229
62
69
150
459
343
821
808
306
156
1020
978
733
207
235
658
374
401
713
325
603
474
709
745
695
779
165
902
965
752
562
461
523
537
629
551
833
335
1001
236
578
50
960
92
877
258
528
532
282
818
884
246
631
832
388
543
235
95
615
452
27
848
813
138
482
56
63
799
742
221
385
850
23
447
192
816
339
37
653
489
85
588
536
484
30
297
127
285
528
100
401
924
774
838
45
639
245
19
338
483
647
210
463
965
496
459
560
461
423
608
717
668
320
579
211
1014
822
605
865
921
896
415
793
61
769
189
1003
589
874
828
542
153
1023
550
570
94
836
218
805
311
329
896
912
295
621
724
426
946
910
520
458
371
659
655
54
703
820
425
205
680
450
762
665
363
309
443
125
622
873
872
697
690
200
958
361
538
527
822
677
320
293
736
849
580
156
429
488
626
629
6
438
599
62
240
701
671
1022
187
521
1007
402
457
1006
898
320
730
229
560
627
791
529
170
902
35
866
495
720
363
336
686
869
474
249
47
828
636
714
608
539
1020
163
656
337
139
456
204
891
222
672
570
518
448
480
602
745
156
443
1005
699
81
918
615
276
275
320
664
789
305
711
759
379
119
455
1010
466
22
914
985
76
447
816
758
817
722
9
602
723
859
530
4
426
198
421
277
542
905
296
137
31
637
732
656
1018
821
771
452
638
264
90
462
120
344
796
213
54
423
748
277
822
858
946
560
228
323
210
434
397
892
870
174
656
966
793
888
864
291
509
489
670
957
791
1014
206
1005
803
219
860
466
134
699
17
892
633
473
465
63
530
949
568
661
609
447
791
652
882
957
385
795
108
531
406
163
767
920
619
300
951
921
798
671
737
856
