1024
649
680
657
266
132
778
419
414
779
331
541
371
730
992
1003
1009
193
236
37
802
79
945
720
22
661
722
287
362
318
753
777
330
1000
549
440
447
646
116
906
982
860
174
729
411
8
693
329
696
808
281
366
987
238
419
585
310
13
1020
206
652
652
976
481
7
335
382
878
982
143
103
816
882
913
685
458
968
1008
37
431
989
243
875
484
527
701
761
13
117
99
867
732
848
824
504
935
907
150
10
104
602
1009
1012
102
247
128
411
608
563
739
50
43
806
517
277
92
750
216
745
467
134
518
361
195
993
340
769
382
344
868
287
246
159
438
983
841
291
693
968
4
700
211
679
921
1011
524
911
768
846
674
1016
442
1008
1016
622
1019
48
852
206
54
805
882
47
383
380
850
219
956
134
774
930
569
968
598
863
760
498
168
6
149
134
825
279
458
364
232
685
529
88
845
336
230
608
648
104
645
45
434
987
459
934
573
851
120
800
865
576
309
206
430
1003
856
887
478
293
949
876
891
640
77
114
884
612
139
169
611
344
160
981
586
440
334
797
213
354
536
786
39
767
356
1
158
133
479
355
435
780
469
148
610
604
81
191
510
468
17
953
140
551
69
856
588
870
611
924
954
53
708
434
290
380
643
830
399
864
667
885
509
390
462
864
97
628
886
295
325
376
103
249
739
571
447
513
716
386
209
422
905
461
483
249
585
423
886
520
996
381
18
633
542
887
461
702
48
856
845
467
864
790
683
555
818
215
435
738
286
249
203
471
270
230
725
804
981
857
783
1022
883
126
135
962
253
977
935
243
147
309
323
756
649
157
925
197
761
381
94
239
633
677
555
189
235
927
303
533
575
571
132
171
996
420
693
104
543
308
378
153
35
84
734
125
281
1006
75
624
7
904
664
868
18
874
210
764
1006
78
101
52
386
610
696
954
271
586
237
359
139
653
270
125
423
318
408
651
302
722
429
205
62
563
112
317
802
57
205
268
696
361
994
847
476
880
148
192
669
967
414
995
908
724
148
804
1017
21
716
315
226
803
223
368
271
181
689
416
225
439
562
957
538
323
806
404
905
372
300
848
71
882
876
255
583
175
453
773
418
347
998
178
692
679
650
451
124
707
410
952
650
172
221
912
696
522
430
316
742
9
860
780
442
637
180
458
8
819
707
749
352
366
657
248
161
847
1023
932
1018
878
455
624
309
564
183
284
357
588
721
33
17
827
585
877
720
632
1009
851
27
255
378
319
541
103
44
540
234
764
502
166
363
514
941
253
577
790
463
240
679
81
572
166
814
701
162
65
760
175
913
720
396
257
991
179
567
769
565
79
495
858
404
532
615
525
951
663
744
4
1022
941
883
610
853
174
121
659
414
237
591
621
509
284
936
531
1007
981
188
302
542
941
433
642
932
490
211
726
587
540
73
481
870
457
79
735
349
580
88
590
28
295
68
280
504
920
412
764
944
325
44
898
371
46
659
508
313
378
583
930
9
685
931
409
1011
17
533
42
46
952
716
521
776
94
151
499
414
806
697
688
274
892
856
586
378
535
696
987
852
621
108
1012
330
913
596
8
406
807
364
129
762
766
24
400
369
626
795
608
931
273
525
17
494
322
254
468
979
335
99
509
697
607
283
745
669
949
319
501
48
862
783
606
331
560
163
153
596
700
879
957
595
553
780
461
100
283
981
647
499
513
445
499
185
737
544
992
107
554
484
53
997
354
935
1016
646
877
82
809
117
230
328
866
86
992
166
704
577
409
637
170
333
62
266
503
494
410
244
624
826
551
358
939
164
500
17
964
583
214
941
239
803
147
137
648
12
751
591
497
439
361
971
192
842
60
113
911
919
38
871
432
899
710
265
291
581
423
219
17
998
117
699
492
273
344
169
677
1005
180
796
503
161
777
581
746
395
503
573
175
640
21
819
275
412
744
498
412
201
230
737
786
784
89
483
456
320
706
428
297
616
562
608
498
232
269
224
898
334
398
148
860
958
750
552
1003
531
498
358
444
91
112
691
879
751
691
274
125
697
109
778
836
522
112
852
115
151
576
582
772
71
806
451
289
75
586
486
417
366
718
140
603
172
185
303
817
835
378
210
464
107
531
138
608
309
156
268
118
392
254
268
421
963
713
21
1020
240
985
61
387
14
140
171
122
475
649
776
222
838
747
303
434
339
763
519
968
615
967
739
228
475
989
30
988
329
134
374
468
729
319
688
695
621
607
750
202
971
573
223
696
684
264
598
996
114
773
778
222
51
775
1009
115
921
418
501
503
600
114
115
94
736
984
816
224
281
866
156
71
681
170
903
799
193
470
147
78
182
453
846
745
234
889
912
519
115
206
380
102
74
709
796
415
516
368
