1024
376
17
89
316
586
259
815
628
827
612
646
938
493
1015
34
212
410
839
645
904
717
654
103
86
883
870
1002
468
535
752
151
84
252
562
921
650
448
786
94
606
841
752
33
766
145
332
632
922
817
727
64
695
268
588
972
589
480
396
761
304
322
751
820
929
839
1007
741
827
539
222
232
179
589
108
408
230
861
207
484
103
15
290
915
587
600
967
987
190
825
344
814
412
528
135
972
104
5
703
120
122
696
307
632
79
806
801
141
362
128
137
866
267
428
451
273
336
988
946
135
48
51
283
23
306
243
952
366
566
760
1019
741
824
661
744
839
965
130
878
573
151
527
562
1014
743
462
1006
300
762
775
776
461
320
408
776
256
529
512
110
758
164
973
214
182
137
272
224
273
409
259
403
60
672
668
939
110
979
589
757
75
606
202
597
942
126
31
394
393
574
360
580
900
839
583
738
80
455
364
495
514
71
922
555
27
890
1020
742
451
282
180
582
751
667
629
722
537
624
83
813
269
995
898
321
516
451
535
843
49
944
713
240
1003
674
712
336
801
866
162
416
273
129
733
271
400
655
313
290
290
945
783
503
770
268
66
281
362
887
770
893
687
936
103
177
228
811
320
856
750
601
713
420
837
925
628
761
195
419
618
536
138
271
284
110
756
977
33
462
180
82
185
189
632
632
397
41
755
95
489
212
251
132
133
234
332
1016
308
777
211
705
827
658
121
723
763
242
104
581
855
812
711
925
740
115
502
398
316
511
964
237
855
502
668
496
15
309
37
821
204
194
582
250
224
892
223
467
406
451
703
682
507
239
660
303
344
1024
907
477
764
290
395
890
78
778
348
684
962
120
209
744
763
871
408
898
112
399
406
672
399
315
335
736
72
768
818
123
956
192
431
91
464
116
585
670
905
122
705
749
471
113
62
188
368
625
833
372
834
464
706
444
948
435
973
271
634
306
930
293
455
978
759
614
226
705
996
199
943
654
70
684
73
748
835
561
491
285
945
463
652
243
46
930
165
385
414
868
235
905
687
713
804
716
462
224
953
737
43
186
920
456
836
521
406
480
796
219
574
706
881
919
903
953
495
318
311
790
553
1008
922
402
876
243
940
774
156
239
317
923
347
270
463
586
329
327
988
789
145
613
1004
691
769
566
878
843
4
724
490
194
265
201
770
876
212
809
778
433
509
928
186
1
341
50
337
145
959
48
342
91
149
75
199
98
703
89
859
36
595
316
947
210
370
1005
773
189
463
324
250
29
41
545
379
695
515
231
136
250
37
787
38
948
64
68
661
797
796
373
168
846
204
225
790
399
821
921
32
349
362
658
266
984
497
394
684
679
348
421
595
956
1018
513
653
682
149
983
780
559
166
96
149
441
906
616
233
351
374
468
632
334
667
725
823
553
382
726
890
652
347
279
383
297
174
274
747
888
578
191
978
224
997
122
61
7
588
613
500
679
1015
201
587
64
68
423
753
89
371
836
819
365
9
480
140
472
944
100
834
932
664
82
670
694
308
131
192
807
350
389
718
934
527
615
958
562
334
660
55
940
41
984
262
543
820
630
586
468
675
986
471
290
599
119
280
787
270
963
927
1011
85
105
63
728
787
226
789
715
234
286
667
416
56
412
36
836
276
419
411
426
712
984
238
467
645
619
316
244
994
357
471
849
878
871
771
635
685
565
147
516
500
252
447
885
10
448
990
1000
877
457
241
420
437
75
717
900
18
29
114
24
571
92
204
504
654
873
962
227
64
188
96
929
849
443
405
676
520
342
838
712
70
413
848
551
220
326
408
46
24
759
184
920
155
959
385
201
420
207
826
102
843
573
675
915
45
796
419
102
208
376
430
716
405
970
810
854
422
765
890
379
855
146
921
744
863
710
345
179
201
46
567
887
867
287
963
438
832
116
412
527
699
804
557
714
374
685
839
464
437
364
728
319
762
640
722
348
762
147
377
627
958
593
342
97
951
816
969
440
935
367
359
273
569
923
53
418
430
284
667
436
582
177
446
379
982
614
19
582
27
1005
807
751
683
950
328
370
1008
707
799
912
75
429
187
667
502
998
736
518
76
384
912
890
269
244
597
990
774
511
315
240
747
59
905
767
389
207
747
241
910
461
464
802
62
226
801
55
52
241
353
752
808
665
251
890
856
573
809
642
369
667
987
199
38
142
999
901
39
616
720
356
492
622
8
32
571
603
113
817
882
46
723
844
128
728
392
487
684
187
519
753
4
509
435
273
39
986
360
336
632
285
474
270
669
709
564
619
387
532
85
202
578
597
686
429
513
261
17
851
138
130
379
801
955
447
151
338
865
312
345
286
195
354
154
590
236
217
130
526
260
834
