1024
841
781
939
515
30
675
83
266
446
214
741
897
760
990
833
909
309
872
111
338
916
883
947
791
183
518
895
128
840
468
116
649
192
854
510
495
971
791
54
707
91
434
644
581
985
566
705
498
669
479
393
278
319
217
699
825
76
738
834
207
611
643
809
514
446
417
221
490
886
26
220
371
841
2
550
610
0
964
988
130
41
274
720
306
134
948
244
89
668
908
55
621
25
653
846
270
650
614
698
387
346
574
518
75
592
902
835
586
222
933
328
278
106
945
197
834
407
532
21
895
295
458
437
359
859
802
481
968
1024
684
454
67
890
373
927
518
236
10
781
166
840
279
523
461
550
154
906
154
99
590
547
405
423
853
813
678
833
338
910
531
656
748
110
399
22
533
386
452
689
276
724
958
118
862
214
174
986
641
951
684
289
629
204
948
423
503
975
587
742
621
300
990
768
1008
285
222
250
80
887
593
836
628
40
557
393
440
135
909
19
5
359
765
974
192
495
667
715
810
773
239
396
965
929
315
459
657
538
423
117
94
368
738
578
11
50
554
867
840
8
96
378
990
304
782
137
902
918
883
647
218
58
807
538
620
989
557
898
862
425
854
121
630
784
596
829
336
90
645
877
850
565
336
679
204
837
90
891
251
856
814
679
163
693
316
986
951
671
635
199
818
589
401
864
719
100
909
442
520
518
389
661
281
463
6
587
390
1013
82
171
860
795
678
141
84
472
950
412
185
211
565
567
666
547
920
773
418
295
379
372
519
598
428
461
963
426
697
681
211
941
99
75
190
207
736
494
394
226
784
695
714
820
341
95
631
967
258
396
810
322
857
508
277
745
341
622
629
198
870
698
361
696
497
594
895
564
231
84
565
819
962
547
799
677
992
997
887
368
321
253
929
105
966
726
683
250
787
372
152
463
983
205
498
380
698
727
441
308
434
383
950
66
572
769
720
1017
448
350
571
341
992
932
834
703
525
926
689
452
370
0
339
926
537
967
293
61
1013
538
424
937
544
740
29
841
776
116
821
17
746
314
919
521
63
915
556
979
257
993
193
730
728
796
976
312
40
478
462
893
847
31
426
856
824
524
239
922
646
391
393
954
862
93
42
474
445
671
188
927
896
867
167
336
418
1007
824
338
7
512
648
856
499
207
990
562
491
181
991
166
337
326
775
1004
768
798
171
757
14
804
785
494
172
415
543
694
105
877
759
685
896
656
543
74
451
152
610
505
851
85
720
446
959
742
200
367
514
553
510
995
641
803
363
662
854
546
213
87
414
746
537
84
200
581
849
683
985
845
888
120
50
691
825
555
602
381
44
247
1022
544
184
714
156
161
1003
377
692
142
136
864
969
866
1004
291
444
939
171
720
456
294
384
938
405
299
799
341
393
10
559
901
339
924
385
559
480
458
755
617
390
126
230
371
299
468
925
961
68
355
302
266
284
576
670
372
144
370
1020
642
460
432
79
485
430
806
304
80
422
171
677
320
695
413
465
952
130
869
91
769
622
517
842
426
830
636
244
875
480
303
919
275
955
373
911
244
291
351
142
910
896
891
806
491
375
878
697
909
1
318
376
518
531
1020
479
313
425
579
711
941
686
511
969
105
933
677
331
376
911
768
20
608
729
49
218
31
163
358
895
560
598
110
547
861
341
550
929
963
470
383
605
970
7
338
542
991
500
49
680
103
279
80
175
736
820
269
970
962
831
884
984
316
487
523
368
514
542
731
817
459
341
97
444
476
678
208
112
718
845
305
231
643
427
561
762
896
16
979
88
194
22
215
902
490
308
811
721
189
609
227
870
950
370
706
875
938
908
533
109
108
41
190
301
153
291
248
960
691
227
778
688
705
610
359
543
365
661
267
347
645
27
736
740
450
941
281
371
777
963
688
948
78
224
506
190
936
896
398
961
679
251
96
761
454
224
141
906
310
186
113
98
537
306
805
128
77
418
809
509
441
94
71
15
386
478
9
224
116
202
81
906
487
1
584
349
428
696
523
862
694
496
707
767
587
949
123
709
947
166
308
885
427
573
118
834
919
970
470
698
952
247
504
1021
668
342
665
583
567
701
340
353
824
152
236
101
502
409
385
135
71
552
871
996
185
580
236
763
469
772
688
915
627
1
745
456
811
147
911
452
825
6
533
334
2
881
33
976
996
192
202
146
608
974
431
407
173
353
749
252
901
4
395
146
374
463
2
399
471
237
812
64
145
378
1003
687
638
205
375
182
810
821
191
352
589
725
33
701
859
204
113
729
9
831
385
741
414
621
439
37
319
528
919
425
523
516
617
382
1004
798
490
501
588
745
60
477
156
248
758
387
678
327
715
628
709
317
431
1012
918
467
