1024
847
474
487
729
158
169
352
525
736
641
51
122
788
938
359
676
745
199
63
289
263
246
187
84
536
750
1012
296
741
49
124
710
486
1008
702
258
253
1021
963
745
455
183
437
811
956
940
636
19
801
333
791
364
795
206
468
431
36
787
373
532
392
135
733
184
909
348
859
515
1020
282
571
281
96
978
706
463
387
938
119
854
346
849
219
851
580
340
19
545
15
951
278
828
813
248
549
893
222
327
236
673
450
148
463
694
548
550
906
26
851
759
711
386
1008
990
170
481
145
259
504
433
861
256
264
681
240
786
106
653
594
672
222
940
578
787
726
592
641
367
63
526
57
346
331
49
371
995
514
942
24
623
625
224
938
766
894
498
920
149
823
286
85
150
64
545
310
305
599
570
225
43
279
853
786
594
980
117
46
149
993
990
666
58
30
14
555
481
746
828
79
732
65
641
881
578
99
685
740
865
235
192
230
32
611
971
733
368
480
0
713
752
392
288
605
260
433
886
112
384
289
21
1007
978
339
581
37
704
630
581
791
614
828
45
492
888
56
886
679
603
837
960
925
80
569
598
243
859
525
913
0
568
184
605
886
183
40
920
717
273
939
464
454
701
549
745
870
126
750
522
323
208
963
350
290
378
308
585
184
516
933
148
605
9
936
28
1005
869
587
449
987
92
308
479
752
277
562
856
224
265
698
873
431
30
783
546
489
951
447
978
880
826
347
756
190
730
69
780
550
325
408
71
986
972
102
913
669
531
62
954
451
881
949
865
754
14
239
850
88
19
732
469
772
492
488
767
248
789
169
272
828
24
991
622
848
624
598
946
189
529
250
623
396
370
567
459
26
25
248
558
754
931
978
807
397
127
15
258
53
170
846
1019
50
341
667
918
666
831
88
761
299
478
290
498
917
399
603
658
1024
1009
754
85
16
893
4
676
263
397
587
361
26
944
558
393
438
678
958
762
591
369
901
590
10
509
360
91
909
400
123
393
389
793
660
740
583
190
670
795
828
995
929
121
518
61
900
968
284
425
231
22
704
8
306
675
326
776
619
33
222
961
180
627
979
331
936
850
34
137
676
868
603
484
684
631
910
628
428
110
805
981
938
546
149
550
633
151
212
396
253
917
750
531
867
319
477
504
455
726
1000
996
897
613
61
554
501
2
514
630
709
324
215
754
519
145
16
758
180
344
658
589
482
294
311
670
131
424
641
195
189
770
52
986
94
723
742
865
120
314
747
45
269
57
803
127
403
660
460
388
254
352
647
417
430
802
815
925
119
921
194
357
38
229
898
443
136
972
96
11
226
634
971
1001
707
816
772
496
1011
954
541
229
177
437
226
86
324
977
98
783
893
774
912
845
1008
525
31
607
779
991
609
738
464
24
539
410
519
1011
378
301
763
844
431
48
235
842
318
750
315
377
58
795
438
915
481
541
951
963
182
768
851
517
806
623
528
651
848
377
315
91
884
884
81
116
232
613
747
705
987
512
602
704
534
459
836
304
727
365
779
846
937
189
78
262
148
309
65
547
214
900
609
562
517
696
432
696
40
738
1005
264
133
567
344
420
431
302
169
986
312
235
491
529
851
155
397
984
125
491
789
784
51
988
990
873
523
63
222
345
1000
113
274
793
849
19
734
195
567
890
460
795
1018
1018
1003
365
616
933
511
312
280
796
395
477
743
679
981
447
108
487
917
982
213
606
955
380
25
44
967
568
857
679
815
778
566
622
169
704
822
807
276
1017
38
839
502
693
583
979
139
805
570
290
896
331
796
922
232
358
775
813
156
153
89
243
216
843
753
983
28
836
67
1016
481
787
980
322
859
540
998
944
71
372
107
886
601
306
895
859
542
857
967
404
570
540
245
67
752
1007
216
914
454
113
1009
878
919
335
499
856
108
53
331
531
242
595
3
669
462
769
569
155
63
130
689
22
302
274
99
736
477
180
834
376
348
924
212
615
395
355
96
103
944
417
956
857
306
983
460
42
926
458
993
669
209
351
872
831
630
1002
594
725
457
357
204
275
710
502
352
552
754
626
353
710
1021
637
209
897
755
962
762
418
372
287
226
100
185
793
533
940
639
205
522
566
766
507
193
484
440
270
1024
919
739
777
708
316
24
801
513
656
124
994
104
158
306
43
453
251
382
611
651
497
586
582
780
763
390
538
497
896
444
528
821
32
179
550
610
616
670
5
217
175
1020
530
766
721
104
635
778
914
70
2
229
663
585
697
242
864
430
468
823
431
651
613
381
118
925
658
633
189
596
382
672
495
989
60
970
476
248
820
233
796
541
230
266
572
860
73
784
389
962
201
949
979
14
882
333
528
728
803
180
741
502
956
245
610
558
20
963
795
84
475
