1024
427
923
898
464
832
825
699
730
626
221
693
384
786
10
162
401
882
216
212
109
841
784
1007
63
238
433
871
578
369
287
33
257
998
490
245
467
680
824
567
703
1000
86
573
1001
300
615
565
139
184
701
1008
890
575
709
152
203
754
572
997
184
762
798
20
352
653
623
707
191
535
115
676
631
1003
184
384
255
465
437
912
662
263
84
720
690
178
741
107
441
877
231
262
633
924
215
835
264
488
827
692
976
830
132
825
565
327
883
302
180
328
684
679
832
633
463
342
201
522
847
159
378
910
273
358
313
550
283
526
373
517
640
671
1002
989
273
846
650
849
434
550
774
109
499
556
499
812
897
814
247
548
914
646
635
75
441
37
793
287
682
181
92
726
690
104
474
332
1010
594
1022
285
167
336
1014
946
67
43
561
293
414
82
542
82
881
914
863
734
575
1015
545
741
20
949
750
176
452
448
728
313
721
919
752
395
387
871
881
986
647
816
917
687
58
138
809
92
700
239
644
35
451
953
35
613
29
870
720
850
526
195
932
292
872
646
987
1017
408
364
398
321
312
384
339
438
973
938
781
445
280
42
608
353
906
566
794
518
407
1022
356
827
485
765
357
741
868
587
850
879
503
52
524
184
258
386
794
80
107
401
199
38
568
617
386
960
725
583
295
97
808
463
67
48
832
644
239
999
159
619
416
727
981
94
242
675
740
373
76
179
559
528
894
798
449
273
564
44
712
753
25
8
900
362
160
639
152
286
860
457
169
521
875
386
165
788
627
956
873
954
109
223
368
287
479
575
939
420
791
955
649
711
485
957
336
765
71
534
999
124
398
515
321
198
273
614
351
238
552
145
882
682
722
757
649
617
773
314
890
320
675
929
415
199
169
474
903
751
125
811
934
701
117
639
20
447
776
156
856
725
83
455
877
190
813
284
372
481
495
885
231
353
815
251
752
990
589
301
173
393
703
470
466
363
292
123
773
108
448
836
1001
441
225
984
92
13
200
321
621
874
393
167
957
865
836
206
452
709
161
58
863
815
130
536
198
672
123
463
964
7
482
384
9
571
936
910
689
808
775
406
466
691
229
98
948
146
361
62
390
67
479
410
677
64
857
19
673
1
898
993
980
4
945
605
276
392
195
335
878
62
420
81
993
952
705
586
119
555
1022
88
318
843
1001
985
252
253
137
1011
448
929
809
113
296
915
934
262
66
24
28
434
775
445
1015
847
150
576
608
502
452
409
407
556
24
701
138
441
303
478
438
451
67
799
73
275
358
578
630
112
690
789
418
388
609
493
364
237
117
580
625
758
839
105
134
752
385
357
504
403
476
797
90
376
107
103
39
848
578
860
77
979
445
816
365
294
562
854
426
756
861
870
556
204
220
935
886
927
133
544
528
562
497
269
490
873
89
341
878
196
356
554
435
556
644
298
833
337
801
1017
980
941
496
406
80
817
534
181
166
376
83
948
696
504
1006
65
977
883
624
973
817
771
163
498
869
669
579
530
839
655
485
664
927
294
16
176
8
433
691
283
693
352
89
277
512
956
674
200
884
472
178
387
143
948
423
564
378
44
603
674
372
352
840
304
159
406
515
128
37
1008
643
536
20
129
938
260
480
520
206
783
627
703
389
119
80
82
523
560
165
552
941
931
390
669
995
572
513
726
44
252
964
355
266
233
820
10
404
625
57
829
295
892
549
500
781
633
867
659
984
323
336
897
987
520
961
686
159
50
871
803
660
488
422
471
602
778
632
238
298
21
824
560
591
631
27
1001
882
322
735
1018
106
710
1020
845
966
660
981
563
508
296
45
129
414
789
250
173
440
434
129
102
417
218
141
363
793
34
415
113
249
697
968
546
430
526
262
166
178
597
506
451
228
944
12
314
340
97
183
411
824
629
967
881
619
917
632
911
556
286
114
940
526
211
743
703
353
623
258
687
5
455
529
486
501
534
562
826
543
439
925
76
640
614
668
847
671
776
700
783
605
392
498
468
151
337
368
852
275
858
95
139
740
532
3
859
479
679
583
148
8
720
208
33
808
755
906
201
369
577
873
661
565
440
883
755
738
515
33
380
674
1019
901
293
630
977
998
695
352
939
908
895
859
912
839
239
248
392
275
333
539
991
597
190
170
551
641
816
855
195
0
711
927
987
753
974
2
30
403
97
298
936
442
504
99
970
503
543
937
877
438
459
979
745
418
31
40
808
163
635
3
892
539
185
491
547
829
886
178
913
239
281
544
190
70
544
815
859
967
849
772
520
967
891
466
534
857
865
936
267
827
263
790
992
873
269
826
600
219
826
462
801
587
368
210
368
605
542
41
529
962
56
677
667
467
824
820
74
299
254
436
32
991
