1024
116
395
711
594
561
468
781
739
919
544
746
226
490
345
465
109
1002
642
832
783
712
882
955
197
739
939
808
806
498
703
880
626
425
666
980
1
771
470
423
653
646
130
294
135
393
675
779
960
676
283
918
846
550
643
332
654
807
916
431
552
287
147
334
965
756
207
455
341
575
700
0
229
1005
960
770
846
44
951
14
799
232
71
747
1024
24
942
904
866
721
865
904
164
189
745
342
252
513
481
1017
736
786
497
682
447
83
174
686
164
1007
199
124
414
574
936
692
886
399
560
260
374
48
417
210
983
314
945
348
831
84
889
445
242
110
165
705
341
84
983
701
21
753
489
130
500
515
747
70
60
926
328
231
651
493
277
559
340
616
318
838
888
934
846
584
20
395
9
273
907
128
561
379
290
854
878
954
838
41
433
210
215
895
88
448
169
673
109
952
685
124
486
194
673
353
809
294
197
358
364
593
44
350
102
275
806
807
427
521
123
1017
1007
453
965
560
577
655
483
221
622
519
327
917
925
976
440
840
166
422
866
799
480
871
882
937
756
1005
437
148
151
837
171
331
324
137
858
183
643
574
49
840
489
306
677
946
218
568
422
721
400
784
154
475
696
323
312
1008
740
139
28
400
169
814
691
884
328
616
550
91
67
870
344
122
355
428
30
280
950
435
894
424
964
201
155
168
295
133
360
695
178
274
515
50
505
466
375
599
990
196
659
554
677
267
901
772
945
997
839
950
646
102
24
333
175
534
41
693
611
570
1012
186
303
1023
744
699
191
750
39
337
187
224
802
792
270
546
171
393
922
8
426
919
870
994
122
887
592
599
868
758
929
824
276
614
279
908
513
810
310
616
381
18
905
26
619
90
644
295
652
675
948
643
141
275
144
549
401
431
566
231
801
135
535
70
108
96
284
530
770
936
921
1014
184
544
1022
975
677
783
591
329
877
193
712
954
364
3
31
284
114
406
546
291
944
647
766
568
552
865
509
520
340
544
2
921
132
819
452
373
633
56
950
320
254
677
913
16
512
167
144
606
508
191
966
577
377
25
909
492
573
982
76
446
122
230
753
257
19
731
180
549
78
252
482
1011
379
745
182
937
886
770
1
977
822
181
227
981
256
71
287
47
136
609
237
870
977
494
96
9
578
156
89
848
676
615
1023
20
678
1017
277
768
889
830
143
904
273
790
815
272
703
576
175
477
273
956
148
394
717
854
178
188
502
15
177
613
1008
424
342
164
649
151
826
626
872
327
122
802
135
405
76
352
810
246
952
1018
970
82
997
597
253
828
997
719
606
227
296
177
674
952
309
81
825
861
481
597
191
369
547
139
636
412
530
17
685
963
823
795
199
199
949
76
455
935
602
516
560
667
444
927
325
461
681
565
628
693
986
736
243
949
907
382
25
232
582
107
495
353
104
64
1007
464
139
405
204
673
82
588
172
205
476
84
539
235
255
214
608
384
995
132
399
46
787
33
533
267
607
467
302
309
172
57
297
986
865
174
358
633
498
901
125
810
391
53
992
533
904
842
237
533
140
944
1017
737
737
487
429
910
103
940
258
549
291
991
108
932
156
1013
742
324
862
375
212
303
48
193
262
661
338
81
1012
801
184
142
431
17
280
241
905
524
471
306
509
895
780
1018
468
422
346
420
279
220
248
1019
173
664
472
825
990
890
399
731
404
834
761
939
9
942
30
781
246
535
122
485
72
49
937
381
295
650
484
20
830
895
745
755
716
718
499
243
747
438
947
385
955
270
560
297
185
486
505
500
687
374
555
252
165
852
1021
301
660
751
854
440
182
848
342
593
605
403
131
842
173
644
686
877
89
816
244
397
263
721
273
912
437
389
87
462
883
2
395
985
499
844
539
226
312
568
168
435
568
605
223
914
927
769
503
819
366
7
521
246
662
616
878
434
787
980
251
974
290
348
313
633
805
104
820
993
49
677
200
261
347
184
782
796
560
14
129
982
253
615
38
2
706
236
890
575
988
584
422
588
580
646
140
472
595
677
781
254
235
584
576
62
720
130
708
855
715
790
453
37
214
186
498
714
768
610
862
772
173
573
55
148
799
652
171
717
882
724
647
676
774
922
250
772
390
275
907
366
18
227
247
734
784
446
582
485
219
756
294
476
750
353
544
531
81
123
670
537
573
351
596
791
475
117
387
359
89
531
315
780
99
712
273
744
395
6
970
391
414
657
833
176
811
314
385
494
597
906
972
172
760
773
820
218
287
734
967
809
620
834
896
307
565
411
396
826
625
540
312
481
773
397
985
311
700
866
942
938
412
687
352
869
370
54
474
557
1023
313
52
1011
651
1012
531
361
1011
697
387
664
884
667
317
929
587
961
285
338
579
