1024
220
465
651
85
593
826
980
916
245
701
422
888
166
307
78
21
241
378
1011
795
542
651
816
797
694
336
614
230
353
472
200
435
194
1010
979
1023
690
350
658
491
201
148
667
154
462
737
43
677
0
843
427
794
843
803
153
821
355
252
687
64
445
261
78
562
746
722
794
21
1024
364
595
490
820
308
513
422
452
678
437
851
740
1016
237
588
412
951
853
323
504
362
603
443
726
1005
833
148
426
458
630
237
493
684
586
894
462
853
195
472
786
689
839
189
514
292
480
739
828
324
174
801
973
720
149
642
348
638
581
433
853
105
1
694
123
1005
606
581
432
328
49
110
238
183
947
404
444
14
113
753
449
237
618
692
534
475
113
965
558
151
472
528
572
538
443
419
886
40
525
495
76
411
319
167
511
761
383
183
626
587
211
201
782
898
511
372
102
756
262
692
567
603
651
682
204
605
456
522
696
609
265
575
788
689
263
421
307
832
840
184
125
361
796
704
276
503
282
301
494
668
335
158
557
950
258
1001
336
141
594
1022
488
386
698
741
820
776
168
680
331
923
924
120
1018
688
872
716
433
366
316
920
504
333
110
663
791
158
474
710
527
96
358
949
314
127
698
902
535
277
293
753
273
486
289
653
411
961
472
835
655
688
28
641
12
857
426
496
421
243
450
976
398
259
281
390
47
598
219
19
262
841
968
453
926
68
626
441
373
500
594
635
422
748
839
900
853
365
1005
1022
695
188
286
962
493
571
900
426
727
525
131
21
388
75
381
551
886
131
542
177
23
734
289
655
217
735
58
110
817
1005
583
436
824
1004
137
873
428
807
675
57
265
628
335
832
180
606
856
894
972
183
682
574
399
1001
598
438
476
909
206
737
802
823
14
137
994
635
210
901
806
928
216
366
625
705
716
378
52
1020
656
269
800
704
687
276
647
665
485
524
652
545
589
200
614
995
1021
372
441
140
636
166
146
726
1005
419
770
440
193
605
256
983
34
479
125
163
250
959
805
77
39
525
244
850
630
903
54
607
401
492
337
492
512
941
104
83
555
243
671
609
680
401
177
28
336
345
702
115
1009
308
973
636
221
980
686
62
765
269
10
789
913
809
970
656
12
298
248
957
422
926
277
978
15
721
156
882
769
646
167
1001
554
32
191
693
105
382
447
463
332
799
310
679
291
550
495
629
292
515
147
45
84
479
547
195
156
519
499
53
608
175
270
325
627
767
635
640
726
331
1017
242
770
847
811
335
409
93
92
419
542
713
389
378
113
1014
463
93
999
688
551
254
126
801
721
598
783
219
347
800
48
410
796
709
434
866
279
963
963
714
54
1002
840
65
567
753
1021
483
978
429
381
152
645
28
657
262
222
238
757
51
407
558
108
107
244
38
806
300
582
589
763
746
531
385
322
835
271
1018
284
70
13
875
291
895
148
58
403
397
496
877
112
982
900
286
993
32
893
517
186
567
607
373
541
441
754
557
229
83
82
51
475
740
593
150
560
817
349
922
676
996
237
855
548
641
915
382
651
764
153
373
33
88
103
441
76
119
961
535
637
43
576
760
103
604
666
87
82
817
644
214
713
857
138
765
742
742
531
146
141
769
480
852
772
312
994
913
176
133
283
244
714
948
373
954
727
660
147
419
810
846
296
612
844
829
1002
54
256
934
881
1019
462
659
368
135
702
658
13
878
628
738
7
738
609
901
12
548
803
1009
19
818
592
844
712
689
283
672
408
229
822
915
982
301
698
986
247
577
320
526
70
473
137
239
316
996
494
75
93
378
873
697
286
73
367
732
158
66
330
182
144
821
24
367
967
380
802
250
624
344
979
426
4
823
550
1009
442
1003
465
739
220
313
493
754
869
920
1002
452
1
376
274
177
926
215
566
1010
871
656
795
91
898
720
48
721
673
994
615
233
560
719
734
983
988
248
152
260
710
81
404
952
616
235
369
519
434
10
43
414
854
460
770
39
546
914
1002
834
812
143
42
318
923
176
351
6
937
37
407
249
812
342
476
61
290
237
905
939
401
691
142
362
946
171
692
614
48
146
164
233
342
429
727
533
673
377
596
1024
687
554
797
794
109
431
94
846
383
38
97
244
555
672
520
478
242
162
601
386
894
718
1020
328
46
899
309
180
90
285
527
195
823
614
769
947
562
44
211
142
202
221
296
281
571
488
790
499
849
832
537
937
485
842
862
591
830
687
662
579
361
921
283
705
934
148
896
783
139
1002
675
922
108
395
751
851
138
653
620
16
864
457
516
804
301
790
144
383
459
939
525
1004
701
238
83
699
575
1000
698
283
823
969
397
89
428
231
715
730
15
631
658
818
304
479
525
514
813
746
269
139
827
745
691
759
306
239
13
388
