1024
930
577
130
795
450
249
17
874
832
109
141
1020
506
338
6
338
456
222
972
704
902
925
308
584
142
500
713
745
636
900
113
623
389
350
259
435
978
4
63
806
860
431
296
142
161
595
877
990
146
941
113
426
473
622
238
1021
829
1010
395
537
939
203
881
154
102
61
159
772
224
23
121
340
920
355
731
855
601
614
154
683
576
62
419
253
833
729
511
701
904
941
586
691
854
830
200
786
867
427
386
392
941
342
547
571
549
307
672
450
246
130
966
294
95
836
916
318
51
786
886
163
482
262
52
93
318
15
746
805
440
126
356
947
742
66
664
456
342
758
348
370
547
61
382
547
993
410
541
810
409
424
316
978
605
938
517
663
275
150
97
487
710
922
645
105
396
283
846
45
830
143
1023
31
919
233
620
215
529
45
324
817
1003
200
628
618
333
947
701
273
661
546
947
83
396
463
684
488
496
29
468
353
530
976
926
855
762
470
687
97
66
949
214
504
48
768
664
598
713
199
392
851
343
544
860
936
363
478
972
798
790
481
914
416
71
692
279
152
521
591
801
961
903
275
263
27
744
627
349
486
804
700
282
248
315
507
402
233
359
689
1021
625
912
667
552
235
980
711
407
380
686
445
1014
539
305
285
440
587
219
359
529
780
630
369
144
435
502
732
293
319
257
832
293
667
545
672
720
873
752
544
460
942
614
871
440
670
628
176
753
266
711
639
55
992
279
246
722
201
782
549
62
407
832
560
336
524
417
608
828
290
18
645
724
204
736
687
238
55
132
185
129
212
346
1016
819
641
801
196
750
565
118
314
415
806
870
597
595
873
148
518
184
584
311
486
431
623
536
758
501
541
151
495
612
600
338
12
664
272
236
261
956
359
472
409
896
801
187
717
589
330
436
542
234
721
182
482
845
512
383
922
355
843
998
313
220
600
865
278
443
438
693
333
92
485
715
62
118
614
582
547
773
606
999
717
270
757
173
132
162
318
758
980
906
766
934
874
887
302
68
394
67
606
149
414
923
840
824
737
781
566
911
883
651
296
455
152
699
692
887
902
685
447
45
763
272
59
304
352
646
905
208
956
406
315
685
456
171
319
697
664
394
921
895
322
762
65
510
962
897
561
817
236
599
300
745
163
570
524
382
1002
459
522
391
505
271
97
376
453
584
879
249
212
653
954
385
707
532
566
872
164
167
375
538
585
143
260
187
992
962
927
492
0
330
297
830
655
578
495
277
288
888
337
469
744
139
905
191
663
515
457
144
894
977
210
626
413
656
730
906
27
473
6
949
587
245
436
663
999
191
995
422
1007
841
627
249
575
502
93
102
906
158
370
85
227
600
21
601
212
251
54
233
228
303
604
19
925
229
11
105
102
972
130
906
499
144
664
516
33
311
752
932
151
961
957
357
236
465
890
16
425
255
759
672
321
522
443
39
278
251
263
380
563
746
441
708
767
626
311
196
472
241
194
484
134
435
843
639
41
904
764
475
480
878
111
615
151
263
295
304
838
290
243
582
971
432
437
950
749
980
511
249
228
862
664
537
588
34
723
563
715
289
734
508
911
358
581
486
649
671
967
139
806
335
144
946
909
883
652
644
425
939
113
598
617
787
443
978
135
297
191
899
314
1022
806
663
83
975
567
758
534
803
167
827
415
446
115
600
979
989
599
884
778
239
36
122
995
670
827
479
585
713
979
223
963
435
1
499
542
920
437
835
698
829
761
672
870
534
328
804
725
529
788
683
723
648
197
828
653
100
41
979
587
747
639
270
745
916
319
534
713
474
615
102
1006
846
465
990
347
613
911
656
742
493
775
113
213
898
501
572
990
743
417
161
886
867
882
739
688
776
856
390
57
854
456
46
199
981
45
23
78
676
987
363
665
680
24
269
240
722
778
337
299
124
191
958
126
622
328
289
952
466
548
590
6
311
424
89
186
323
300
178
315
755
727
146
26
944
150
136
781
888
1006
34
967
983
646
62
104
497
632
578
573
303
453
661
111
82
879
692
823
1002
1011
724
203
764
258
147
440
173
626
844
773
92
1
581
254
801
1022
312
481
956
458
298
667
660
607
198
741
419
179
190
907
142
941
963
1011
787
752
527
474
257
996
356
156
112
795
930
574
285
659
579
999
484
412
148
295
909
1021
751
385
591
841
105
255
881
840
134
918
723
362
503
740
6
711
829
967
687
130
1010
175
41
759
568
321
619
194
808
566
416
717
889
526
774
145
823
732
297
473
648
100
642
236
235
794
367
382
226
64
570
1017
703
470
666
673
142
231
795
452
960
568
559
740
82
607
255
552
761
164
555
665
752
858
493
524
928
249
135
496
642
472
479
272
4
791
797
589
