1024
228
62
639
875
113
109
401
584
69
766
428
143
154
1024
967
90
239
226
666
157
502
97
472
1014
899
701
47
229
922
202
30
872
390
768
966
213
900
292
591
159
616
111
667
122
224
578
245
42
317
578
978
218
346
122
734
245
616
821
327
726
612
7
634
1008
253
405
419
786
722
1002
979
848
26
541
335
316
171
429
400
521
144
967
175
962
524
185
664
945
668
942
230
728
831
539
925
889
701
909
367
184
936
987
229
39
1018
613
621
120
34
114
833
785
182
807
237
458
856
554
439
24
198
158
353
154
36
789
840
278
655
196
194
91
789
53
94
284
181
54
534
907
820
196
991
1000
817
553
928
866
48
540
313
552
419
783
326
872
884
841
358
927
14
206
206
39
557
25
291
14
180
594
169
1001
529
214
363
473
408
584
89
304
941
448
458
420
419
887
677
673
786
716
468
535
687
939
742
704
491
710
483
838
724
872
644
770
240
732
377
447
344
396
552
856
266
613
127
729
363
706
6
513
296
497
55
904
566
170
117
706
909
894
414
83
354
508
1021
605
943
300
581
119
84
367
185
658
809
285
512
381
375
394
948
221
933
239
164
743
513
979
713
613
23
386
799
403
806
257
363
892
653
477
313
811
1
958
790
848
366
796
797
431
663
123
14
675
219
1022
700
786
481
213
806
56
178
1014
317
168
696
827
834
983
432
837
142
652
491
597
195
479
680
468
244
824
302
113
859
727
709
852
653
782
316
825
755
708
619
542
703
958
650
800
433
224
260
894
455
981
948
673
293
741
548
571
18
583
504
540
21
248
894
779
977
490
973
755
913
104
598
831
694
203
381
917
292
998
153
223
759
1001
751
673
893
734
728
454
369
727
387
536
90
95
298
893
593
640
291
908
606
930
425
607
931
429
462
851
487
683
195
357
475
982
328
966
773
546
992
364
469
171
114
311
706
191
463
228
546
976
228
217
150
770
322
775
176
108
585
256
94
621
382
940
95
81
62
13
826
288
88
677
561
976
833
24
353
351
924
862
711
228
620
646
947
214
610
28
152
762
402
889
240
194
710
397
92
666
359
267
914
129
872
648
837
57
633
943
748
452
127
837
108
144
423
75
233
964
528
266
545
846
546
324
990
796
225
360
889
887
652
161
802
136
21
593
509
518
737
92
336
330
690
185
689
464
506
501
428
553
376
218
30
875
645
287
386
737
952
379
965
1018
266
67
345
463
369
794
789
253
270
790
827
933
78
1017
379
970
800
799
843
637
426
760
399
349
382
470
570
403
920
998
770
283
632
469
424
202
686
605
913
302
399
160
725
36
885
292
163
331
132
886
818
848
958
655
322
729
389
582
574
174
116
776
796
960
186
750
856
518
708
281
6
659
228
368
645
591
523
155
12
363
459
727
651
748
202
717
497
540
325
221
546
454
613
259
461
273
274
371
434
457
239
138
406
268
935
621
174
420
603
674
901
778
654
243
702
1011
467
736
643
236
865
91
536
550
391
1019
250
453
304
765
59
145
51
528
237
197
672
77
915
381
630
825
714
273
632
362
333
192
1019
535
492
346
590
945
655
852
509
561
633
730
733
338
535
759
951
715
776
371
561
957
398
365
78
677
487
691
300
11
858
969
139
931
719
349
184
382
948
719
1005
491
40
406
885
559
674
363
615
1018
139
850
786
403
251
191
542
332
146
651
545
123
577
954
84
691
56
760
287
117
526
526
835
365
983
649
136
828
346
87
916
703
623
520
459
604
49
823
517
819
720
1021
227
619
894
729
136
636
196
18
601
828
451
643
48
736
862
779
1024
566
376
63
563
93
403
484
765
722
422
16
517
160
48
437
308
447
104
934
577
592
923
644
687
132
889
438
683
104
165
959
790
200
594
414
354
537
679
670
830
964
905
740
39
477
179
684
682
558
564
153
700
322
849
134
257
852
812
266
782
81
355
462
923
177
859
233
63
278
679
87
790
461
73
799
697
786
66
511
174
828
564
68
699
681
713
1024
933
514
378
508
345
226
919
557
789
960
996
622
464
667
602
763
836
479
563
42
941
104
661
696
771
160
502
242
935
411
243
702
354
885
671
512
370
39
272
441
799
948
792
755
320
1006
696
634
61
119
911
391
282
555
914
903
283
612
678
326
620
366
171
763
183
614
752
675
962
138
908
408
327
540
163
697
445
534
98
721
650
617
736
720
286
167
779
903
708
992
429
923
59
347
154
628
88
381
705
331
23
24
239
664
853
187
909
569
540
668
105
998
776
115
618
823
473
9
221
442
890
253
112
647
557
156
983
821
686
918
643
890
679
287
818
464
670
324
857
516
437
619
906
453
521
811
109
616
370
95
247
302
