1024
405
211
953
185
601
10
659
422
809
333
33
171
1007
566
133
688
785
891
509
92
241
953
589
955
3
180
588
200
86
43
658
308
770
786
517
502
254
828
819
29
707
974
321
99
442
396
320
511
917
24
726
709
1017
831
107
947
655
711
998
790
50
124
556
575
287
460
809
160
222
846
370
38
125
1003
226
281
482
386
570
976
357
510
400
621
115
369
223
988
818
143
619
929
593
49
539
401
991
360
27
845
328
667
421
481
808
238
676
68
760
743
625
761
568
926
186
919
958
606
506
522
721
947
867
446
768
667
880
72
859
675
324
73
486
834
1021
251
476
660
597
824
840
785
324
640
45
926
791
737
877
535
433
3
601
454
164
192
679
688
920
817
857
524
926
454
505
808
205
334
924
78
921
804
373
760
499
244
301
152
886
72
208
178
632
952
737
54
1020
23
488
910
933
800
965
75
945
588
284
118
44
705
819
516
607
406
1023
923
929
374
809
288
121
100
399
589
644
740
329
231
769
750
317
85
200
220
213
474
568
35
677
347
593
295
917
786
525
954
281
574
430
688
59
984
213
909
747
776
1003
851
634
301
866
174
247
45
85
311
617
840
30
399
575
971
912
66
1023
777
661
758
885
1003
798
922
585
828
845
499
636
744
261
796
934
724
761
190
389
512
896
335
136
347
483
242
818
541
1
0
792
399
926
176
410
430
822
729
860
538
663
7
437
505
1003
997
422
830
885
610
937
254
860
401
740
140
81
201
283
528
1024
61
14
607
219
554
426
154
313
897
300
728
376
536
547
139
758
926
352
62
629
279
898
61
351
820
469
395
42
818
853
517
931
224
476
233
534
225
640
489
111
78
502
46
650
108
298
628
95
4
960
802
455
1022
455
728
641
735
256
218
540
676
366
4
840
414
834
178
774
498
622
660
993
16
931
139
146
910
38
1004
580
776
506
486
813
686
744
972
56
356
144
788
745
403
723
538
778
601
872
406
852
758
962
960
755
415
34
691
588
959
177
274
737
605
239
449
55
63
845
637
894
964
123
197
833
532
773
600
774
737
323
738
666
256
319
657
208
993
366
316
610
320
87
491
113
10
359
124
714
70
857
439
428
682
158
689
1000
692
352
725
953
784
977
121
195
422
294
20
163
425
360
663
942
113
100
672
309
484
144
950
151
468
934
166
1022
786
257
304
369
417
379
460
291
753
468
440
396
534
493
314
439
471
541
387
188
459
631
831
876
392
872
226
805
151
168
607
941
448
403
269
194
356
707
285
932
537
668
586
129
989
580
857
856
826
416
120
107
391
972
1019
309
291
685
424
102
923
717
536
472
907
589
749
625
36
191
783
861
107
192
434
385
4
117
875
114
170
432
549
329
1018
534
170
211
591
910
968
517
582
666
721
988
337
850
804
836
99
688
427
110
472
897
971
25
50
739
656
149
272
114
296
565
404
706
428
136
755
735
145
439
30
141
938
727
2
76
639
1011
99
78
769
830
573
455
991
44
396
72
460
688
801
952
1018
479
678
821
738
631
256
445
494
260
102
255
938
10
55
368
383
326
641
268
325
1005
323
613
433
361
369
762
586
562
475
439
355
776
860
270
145
261
538
271
282
520
606
97
510
149
762
666
217
985
278
53
594
705
770
150
216
884
319
325
312
556
1008
50
967
67
92
389
680
568
76
454
6
523
351
861
408
474
284
977
249
116
635
365
132
993
797
767
193
541
625
496
906
498
88
277
473
84
464
587
374
84
338
185
1019
811
229
597
462
251
899
258
671
981
260
16
481
915
389
236
333
235
543
858
600
182
446
659
549
526
1017
168
209
388
788
812
722
722
37
421
378
797
732
583
574
648
770
951
80
511
538
275
466
978
445
988
704
428
822
614
841
23
855
576
246
45
868
487
540
735
660
483
1022
419
33
865
161
394
740
942
575
847
164
662
538
631
701
487
486
10
898
695
1018
294
69
142
514
604
37
480
832
257
863
924
29
404
29
89
552
364
757
895
384
1004
254
90
390
147
589
36
208
742
370
369
672
0
769
200
1021
632
775
50
1016
759
533
791
291
86
935
323
901
716
381
682
43
0
748
338
1003
461
473
250
172
470
963
142
476
832
1022
185
782
654
515
420
466
625
480
211
544
786
927
506
353
667
227
169
125
922
607
152
179
510
714
738
651
948
380
495
95
462
882
427
838
203
739
837
630
305
551
362
549
750
213
644
59
380
904
209
150
803
824
239
926
176
582
82
900
985
373
892
178
548
462
282
183
924
925
555
890
234
590
302
78
310
40
718
166
0
940
718
606
716
320
355
29
447
495
923
146
381
626
871
372
782
863
130
862
270
498
793
591
832
438
201
921
789
608
