1024
403
136
377
308
636
891
793
665
2
326
407
141
48
20
1024
468
310
955
851
155
562
756
255
188
674
225
597
685
76
299
77
95
155
153
212
210
1020
409
950
40
69
51
335
472
497
384
473
362
66
797
122
1007
897
749
50
893
735
341
426
269
39
214
59
688
821
902
391
424
806
554
212
976
733
539
767
207
142
539
987
966
856
293
93
857
964
653
50
825
904
987
427
900
945
143
517
481
322
894
429
101
340
755
466
526
753
1004
809
348
153
681
155
59
108
487
783
448
590
450
538
587
423
847
322
58
358
758
558
887
779
755
721
584
52
362
518
919
878
753
736
946
666
994
557
607
443
370
46
597
778
42
862
837
589
848
839
267
984
761
187
238
92
984
775
20
360
919
197
154
903
154
738
907
812
588
770
374
322
90
1003
946
306
344
371
146
685
732
637
18
428
824
617
958
393
158
20
760
648
755
386
449
595
473
1016
265
768
771
358
325
295
628
444
311
154
330
426
151
962
309
471
795
382
614
852
337
679
862
970
937
319
326
877
843
750
27
827
29
635
591
997
231
884
84
426
370
232
885
304
498
681
412
17
21
479
837
982
788
947
586
3
840
754
77
496
497
121
116
303
186
633
331
164
47
597
496
937
950
377
985
368
760
136
850
25
316
372
103
67
675
237
953
653
733
340
466
85
520
475
54
775
705
842
98
491
619
992
927
857
735
542
492
1011
568
615
379
198
82
727
177
304
346
572
451
349
827
530
883
547
26
640
149
320
601
433
147
600
769
524
408
168
437
573
402
442
540
370
827
222
838
120
730
684
172
971
673
538
379
686
763
636
141
310
678
231
851
586
586
11
399
792
1014
884
871
432
610
106
293
671
1016
850
42
283
389
292
580
457
138
723
643
155
522
192
993
307
990
694
425
419
647
352
367
260
785
898
749
969
34
321
492
803
726
738
256
825
877
225
870
75
475
328
830
454
624
110
648
371
307
944
349
64
440
174
529
505
805
199
808
74
685
379
679
1020
767
602
942
384
823
620
400
814
175
838
161
909
493
191
245
339
1023
137
606
730
224
140
799
4
76
775
803
690
360
687
479
618
985
211
547
661
958
519
569
716
834
706
974
901
531
234
945
921
407
578
189
477
143
747
989
310
711
560
432
684
111
500
572
886
77
212
603
207
941
1012
753
813
977
387
393
856
196
163
829
908
761
359
124
527
361
635
999
934
753
509
493
957
814
187
508
42
1000
368
600
796
445
143
287
87
154
349
774
163
917
733
980
59
380
785
351
5
97
360
689
398
200
569
702
415
383
86
950
408
434
360
36
990
188
86
583
635
927
14
252
253
72
835
586
187
607
7
888
78
509
508
938
239
175
761
817
960
752
562
473
246
249
905
405
428
808
896
994
394
862
932
176
492
149
226
716
35
700
286
703
876
754
702
569
976
741
992
574
481
896
918
753
829
202
715
200
819
1006
608
835
476
505
470
717
269
578
867
512
400
1011
822
822
499
38
463
478
88
877
221
709
894
701
490
350
398
147
505
900
789
429
361
536
847
403
141
103
1013
741
457
68
36
768
796
199
177
563
466
531
187
680
432
944
32
102
625
926
269
868
965
983
966
823
202
422
516
143
411
637
105
104
952
529
743
357
427
873
6
448
195
617
747
219
609
47
909
47
621
34
709
138
848
955
1012
779
272
909
546
241
738
500
969
100
78
984
229
65
973
790
170
936
349
587
257
524
679
769
344
440
891
347
996
859
810
305
573
29
610
322
950
288
526
1022
931
165
777
578
335
151
564
982
806
148
407
286
316
672
582
839
240
245
694
493
348
710
589
548
280
273
295
24
752
802
282
337
479
677
832
401
827
1002
451
374
56
321
5
608
384
703
303
1007
502
361
404
24
104
574
930
166
847
153
482
440
966
348
495
754
954
113
41
580
421
860
873
48
57
605
763
388
1014
687
865
976
31
747
364
660
550
217
477
662
865
381
178
869
627
506
575
489
770
935
313
236
973
1011
0
965
977
163
196
541
713
634
102
521
759
286
911
916
887
491
995
471
963
594
502
697
760
803
13
812
350
468
447
506
182
820
84
92
957
197
942
944
13
649
55
418
541
956
330
448
419
139
160
153
830
510
549
297
377
802
232
950
41
217
265
468
879
550
281
428
147
929
543
383
443
777
697
332
262
683
10
861
440
15
722
147
111
795
376
68
512
35
779
108
275
615
641
249
803
528
850
1007
700
423
638
774
526
36
957
65
895
325
280
807
198
913
354
5
460
82
98
336
156
82
1022
608
479
62
365
2
744
28
1006
746
757
988
750
1014
775
521
803
359
227
917
474
883
6
648
776
186
508
157
789
461
