1024
942
81
935
807
83
983
684
45
896
666
79
76
681
371
89
162
917
619
639
742
39
142
305
238
524
141
589
645
861
936
705
82
180
103
216
205
702
242
456
917
570
871
259
255
727
782
874
260
58
222
185
782
819
986
850
923
986
249
884
917
81
949
175
587
62
158
650
852
247
444
933
39
812
209
892
558
1000
720
867
826
878
535
362
813
225
314
805
83
403
63
521
998
641
989
918
649
389
373
900
969
995
574
243
684
203
594
559
11
430
930
952
723
710
207
413
608
29
703
774
439
893
996
567
393
982
250
321
642
34
898
786
920
50
585
570
953
301
888
760
744
10
114
47
910
892
825
577
5
959
605
455
693
536
355
40
690
548
50
852
1024
844
818
39
1009
741
536
21
53
769
973
20
727
715
60
40
345
769
31
172
860
649
565
495
493
388
595
976
403
850
596
806
217
625
206
507
516
162
336
790
219
82
658
875
77
488
513
853
953
648
455
439
869
911
14
504
529
606
995
357
128
302
85
676
664
194
278
939
737
645
61
995
564
912
868
836
863
233
172
346
605
894
686
672
897
364
475
179
451
189
953
259
433
407
853
783
824
429
70
53
1018
304
663
789
281
829
437
429
33
2
818
439
296
814
329
140
722
783
470
134
1014
311
855
683
827
567
61
574
34
121
752
674
609
406
154
316
537
383
243
155
781
725
142
25
944
766
40
99
186
878
418
11
815
993
53
644
884
293
1023
445
822
173
382
573
875
117
496
736
559
185
165
615
56
334
970
10
441
52
405
883
64
303
909
529
578
329
937
183
150
39
886
780
576
364
150
501
75
698
682
183
488
841
73
236
958
843
1011
291
793
82
79
687
167
804
330
220
984
412
827
310
186
237
964
993
702
535
119
255
537
317
738
850
517
905
825
591
534
113
961
789
855
118
627
814
310
108
218
838
677
325
112
20
571
407
471
422
672
522
440
600
554
227
634
821
852
978
259
214
861
215
565
324
555
540
722
524
277
917
99
990
372
201
168
397
853
945
678
571
903
190
167
284
438
609
350
247
598
633
275
591
941
62
635
907
895
669
954
141
907
918
439
293
765
46
376
447
514
336
814
757
804
365
526
113
501
661
901
360
1023
466
749
265
901
631
869
312
748
845
911
919
993
854
718
437
490
21
80
142
193
60
54
413
826
875
527
864
2
653
266
233
206
43
524
797
706
891
14
529
29
384
240
52
289
392
426
60
215
154
665
579
433
553
786
947
380
550
356
278
312
705
439
19
442
17
485
644
482
757
831
429
720
646
597
951
664
302
56
828
689
570
468
748
785
276
88
712
912
207
98
168
721
89
442
916
839
910
486
353
263
186
3
956
720
971
525
788
913
244
108
330
565
298
892
636
769
715
333
102
874
752
886
270
491
41
204
1004
586
294
375
472
80
206
338
896
988
665
675
871
793
981
100
310
496
514
227
330
963
294
702
587
624
946
805
388
963
722
785
465
875
832
55
499
33
737
526
240
385
53
664
431
158
150
518
319
161
242
985
821
921
526
444
522
668
666
13
269
439
352
114
433
865
1017
417
964
155
752
350
860
931
550
104
817
785
558
802
60
251
555
384
124
198
820
808
297
405
745
616
720
201
143
227
108
757
496
261
380
483
196
565
644
464
426
648
246
512
830
495
184
478
598
890
298
336
634
999
325
276
991
742
473
568
328
99
600
705
864
495
278
94
21
878
511
1003
1024
869
14
92
722
47
308
476
414
828
328
955
493
329
17
678
248
464
314
870
94
758
31
911
639
964
178
17
231
1006
347
391
673
388
428
410
904
14
101
985
72
536
264
494
808
1001
755
67
398
939
41
341
660
140
579
572
483
543
658
356
779
738
54
616
743
838
681
171
134
863
213
583
728
439
95
592
18
228
933
891
214
240
417
362
247
252
406
852
925
120
125
126
575
832
554
611
548
835
98
259
99
29
293
14
396
925
906
811
640
297
954
522
580
567
226
201
36
136
644
886
601
542
228
393
621
967
703
255
428
973
955
472
546
48
1000
996
194
259
647
646
83
459
181
446
328
972
178
184
261
731
427
943
37
697
407
206
879
928
438
562
717
909
506
545
112
452
934
143
181
896
411
686
891
934
82
55
239
598
123
606
142
4
959
96
875
393
206
632
296
443
613
356
755
230
13
339
586
658
767
136
507
160
146
492
433
927
34
807
194
533
812
770
867
36
296
602
684
586
165
724
844
244
148
655
869
566
806
680
602
218
166
729
199
459
953
622
191
742
392
109
42
898
1016
972
658
765
678
638
13
45
832
494
441
109
965
348
394
531
90
313
951
582
805
508
363
96
805
577
668
595
606
414
