1024
23
507
103
927
963
550
782
999
492
65
256
300
378
297
918
98
732
655
0
576
972
303
611
143
135
84
111
83
771
342
992
195
940
200
302
612
4
796
185
952
834
15
349
586
1009
37
257
40
40
388
756
679
779
827
975
488
104
6
722
34
352
598
613
906
864
168
25
729
252
902
162
63
53
843
907
8
628
808
843
167
619
208
842
808
959
211
93
208
146
994
542
84
19
247
588
408
17
808
735
151
801
655
949
558
218
633
127
156
179
106
610
415
179
26
224
279
92
745
846
2
703
632
227
267
152
328
455
131
710
554
840
756
704
779
833
642
299
567
195
628
505
492
699
766
540
769
872
427
813
687
959
672
266
656
450
678
132
859
778
625
105
743
716
321
97
80
148
516
266
822
271
1023
454
434
106
187
358
277
640
595
727
288
303
827
351
645
940
417
295
869
39
239
531
811
884
685
167
347
193
366
103
474
589
870
918
486
932
641
382
511
509
124
469
892
643
178
463
294
322
564
7
355
920
478
131
150
700
709
1003
333
281
451
854
768
246
818
765
181
189
33
407
313
416
339
640
708
827
529
83
218
312
182
679
375
880
840
258
193
622
177
671
813
751
983
438
759
473
421
840
20
1007
415
142
662
222
573
839
34
569
527
688
90
564
410
638
966
518
738
66
279
71
1017
335
548
822
103
945
675
433
259
1022
572
335
710
363
346
958
192
721
133
804
882
786
567
777
303
255
58
341
627
830
856
535
990
65
324
835
95
245
607
299
970
157
297
312
851
764
354
466
478
896
286
190
300
846
244
607
932
920
806
981
1003
793
249
345
962
50
931
107
120
446
730
264
51
157
766
996
845
89
574
740
853
975
774
688
509
387
844
780
383
1004
124
928
297
191
967
1023
768
378
88
967
441
463
150
534
153
881
482
364
585
100
851
651
544
560
857
993
207
889
971
922
779
823
87
755
1018
263
319
936
212
134
678
652
243
308
78
246
881
161
994
526
105
552
121
144
953
273
824
919
126
863
245
736
169
755
759
8
597
272
727
550
149
483
335
531
743
0
688
604
749
882
751
517
317
150
290
206
405
759
939
284
1009
752
356
906
700
204
29
255
447
417
600
252
439
528
957
888
97
501
1022
744
379
926
352
433
225
685
241
720
231
607
445
924
471
78
996
114
353
559
85
53
108
1004
352
510
940
328
221
1012
603
822
270
911
362
123
305
271
766
880
863
593
799
450
672
608
276
356
695
7
306
89
845
971
1020
232
356
752
383
96
965
193
412
949
624
245
291
377
129
97
905
429
57
799
392
881
872
149
147
72
213
324
617
264
342
543
601
347
1005
391
703
901
907
832
760
843
195
946
747
540
343
6
549
157
773
215
365
563
272
393
785
695
138
696
345
399
649
276
350
591
695
874
690
827
876
74
879
537
160
138
261
486
477
34
771
768
856
841
85
43
216
73
883
726
120
834
597
890
739
845
723
185
885
593
189
34
619
385
911
10
627
87
532
80
1
214
416
959
160
565
868
1015
966
37
174
661
854
369
459
45
646
684
168
439
879
4
36
660
912
997
114
276
764
962
19
172
538
615
550
523
705
300
1017
39
770
77
355
974
941
9
8
298
408
406
193
527
129
573
100
767
517
147
707
274
720
867
414
678
576
314
42
193
304
15
914
780
892
1010
161
161
30
476
373
999
38
560
202
754
29
679
155
493
221
272
884
43
635
4
267
416
593
308
917
741
890
628
842
812
614
614
259
762
833
396
598
500
578
706
670
279
1003
796
65
995
814
606
871
590
669
613
112
248
113
733
82
867
287
27
184
772
218
733
401
202
926
461
784
155
1024
369
36
418
388
265
717
314
19
416
875
851
970
815
637
69
746
540
579
306
502
220
275
270
1015
105
288
16
980
358
995
383
411
136
849
380
634
622
849
650
685
91
59
826
684
834
321
790
935
891
274
851
394
93
459
924
188
642
628
721
632
780
329
476
789
559
486
410
114
214
382
30
479
918
707
557
963
811
840
146
187
771
183
171
828
564
14
343
84
29
121
731
531
359
896
903
113
145
402
760
232
547
96
671
278
117
1014
993
929
940
697
123
95
254
279
77
736
585
361
163
1004
145
495
581
357
815
731
907
474
537
112
635
394
997
868
620
832
98
117
111
785
371
539
587
175
411
484
275
1024
53
773
29
83
823
477
752
768
845
977
978
895
211
41
339
1022
1021
462
1023
849
100
341
992
622
356
943
309
908
261
766
546
539
964
581
506
770
776
730
774
331
60
658
376
338
782
692
55
444
1022
836
967
161
455
815
510
622
1011
469
262
860
907
110
579
230
142
142
200
178
861
970
57
775
199
939
538
880
759
464
