1024
418
1003
714
54
317
212
998
335
228
546
856
996
669
856
575
551
958
419
604
743
174
876
927
519
822
98
637
913
8
443
753
686
536
312
55
93
487
154
373
760
665
107
776
810
497
744
142
865
955
654
895
113
815
988
805
153
830
18
112
847
504
557
862
980
651
274
116
159
378
43
934
385
140
170
887
648
200
651
172
351
831
104
1001
41
199
103
637
453
150
974
276
231
363
663
606
826
273
936
916
1
906
821
16
900
10
540
881
44
478
223
800
486
564
452
387
746
773
741
287
545
652
195
280
11
711
944
611
47
934
300
277
343
893
375
942
850
546
1023
461
493
933
212
41
563
261
146
550
408
940
221
577
539
17
64
378
214
712
543
415
543
166
497
295
951
274
642
47
888
1002
369
366
426
226
234
41
987
933
809
883
321
49
8
340
539
61
854
774
813
479
670
607
201
473
491
866
485
986
597
679
601
601
436
262
395
18
1011
890
76
523
955
924
732
547
591
425
643
558
885
657
795
209
470
813
874
391
431
942
811
893
132
161
659
655
1000
949
898
997
175
597
239
146
157
29
873
835
301
650
12
258
461
258
151
26
161
592
373
478
308
510
574
886
177
842
638
465
880
35
393
735
435
304
869
796
967
804
976
263
653
866
777
993
851
811
897
74
942
525
665
178
175
533
572
887
689
7
166
261
879
299
357
891
484
94
229
463
944
580
291
284
43
886
999
470
409
457
992
549
951
198
538
60
121
959
522
773
553
96
887
380
808
401
321
136
982
79
837
181
655
868
61
290
888
554
840
497
405
458
452
517
329
217
888
665
203
760
151
445
718
341
335
7
450
104
787
140
624
272
909
31
608
149
514
622
622
733
364
839
156
4
232
185
358
161
555
491
478
872
253
846
135
132
235
478
642
78
184
544
40
844
933
994
411
855
928
746
703
237
747
243
966
352
400
709
123
599
452
58
943
259
540
796
718
810
125
60
143
49
58
945
1002
840
168
54
573
467
521
23
523
917
82
532
135
687
903
193
907
112
429
948
696
941
735
226
394
703
691
6
820
778
938
34
74
296
78
317
675
420
511
874
548
554
492
462
989
176
706
829
775
318
362
583
823
819
600
80
86
87
464
609
438
895
190
462
22
366
1000
762
296
173
168
683
140
65
58
810
830
49
831
698
977
818
55
556
296
851
901
202
766
392
148
120
802
97
411
896
521
119
251
372
941
227
759
857
856
236
984
310
933
589
261
15
669
118
489
349
237
1013
297
520
284
896
310
829
706
211
76
923
207
672
235
251
175
4
483
776
1003
922
280
807
591
937
4
940
16
886
429
541
676
270
660
889
671
971
550
4
995
835
679
214
805
29
340
386
593
1022
593
865
26
948
136
1011
151
279
54
559
257
662
780
623
687
611
605
255
772
916
526
939
401
745
678
446
985
359
935
800
723
648
363
481
397
130
655
697
926
893
380
50
502
27
420
93
302
963
964
500
538
63
880
847
828
621
562
244
362
718
337
498
87
426
999
58
572
331
938
666
158
964
993
575
999
613
207
538
583
267
402
515
929
788
135
52
1009
164
891
239
713
161
985
506
289
793
738
1014
911
400
112
701
218
712
889
248
860
978
0
407
603
517
762
206
811
400
1001
871
770
142
55
153
664
812
156
897
855
179
836
687
862
145
277
559
402
306
0
242
303
667
675
270
368
681
695
495
184
242
1
468
928
187
683
565
905
728
275
656
348
71
539
503
886
425
609
994
1001
1015
415
729
491
345
89
672
973
698
973
239
959
661
888
175
252
69
125
116
94
10
719
794
343
944
64
886
368
50
151
811
286
1015
66
812
653
543
129
77
471
522
328
337
31
977
138
274
586
501
966
517
973
807
856
339
369
211
727
198
795
899
51
773
600
513
963
671
897
896
658
31
920
117
545
746
369
505
467
26
703
159
670
356
122
76
1010
344
977
392
680
889
532
750
427
657
218
754
65
413
419
905
537
101
343
489
309
294
923
639
451
746
430
776
716
327
316
1017
534
841
737
943
199
275
40
450
395
212
491
915
425
229
421
229
640
752
832
540
430
933
529
660
707
617
559
27
607
23
187
646
893
777
202
277
563
849
793
911
91
249
720
215
1004
267
68
446
807
535
412
275
573
506
221
961
857
997
922
665
846
178
462
42
337
260
922
888
977
960
149
861
602
526
146
869
773
663
595
120
937
951
152
609
538
946
857
815
510
109
260
392
889
364
735
378
314
263
444
190
654
966
576
179
66
807
122
73
731
550
82
856
856
562
96
548
42
138
397
581
266
251
457
928
266
237
777
678
184
841
349
736
899
316
459
759
581
863
978
67
923
109
791
186
480
