1024
731
867
94
32
53
286
60
88
492
683
166
111
500
639
519
182
322
12
866
57
566
570
339
20
900
488
810
175
541
382
301
531
840
270
298
997
638
5
140
590
697
515
29
814
914
609
505
367
698
722
60
890
41
856
793
903
746
1016
675
981
299
248
59
200
175
638
165
558
426
608
14
838
811
298
965
323
428
374
591
185
580
518
99
491
458
955
41
905
649
20
546
169
832
197
884
209
96
66
739
867
657
706
530
345
946
961
588
600
1
214
378
901
863
192
396
544
519
933
545
100
211
54
652
242
450
26
836
417
907
890
926
63
474
890
577
714
65
468
747
520
548
468
519
741
233
421
502
671
865
917
629
495
988
543
271
517
650
586
52
527
860
206
761
308
30
695
1021
378
334
797
134
998
1012
512
601
20
612
903
843
578
200
968
629
93
504
961
611
430
867
708
645
310
325
281
257
745
552
739
704
948
750
900
487
954
321
680
238
18
751
386
956
859
224
148
968
974
317
728
966
337
485
211
754
601
569
350
365
534
209
614
512
871
372
732
579
190
370
246
60
1
398
546
322
174
571
627
975
61
993
335
480
707
991
961
459
92
875
591
93
812
165
899
297
709
217
231
151
742
120
628
691
267
451
129
418
183
959
373
2
502
59
255
485
879
746
789
928
654
620
170
439
721
643
188
995
968
437
434
906
373
538
99
731
29
692
835
777
548
1024
588
502
224
133
939
206
247
213
496
209
988
18
380
429
413
758
48
362
171
993
217
617
73
462
8
821
618
900
345
843
890
483
258
758
301
727
869
864
240
864
980
480
892
467
382
986
31
735
90
313
884
982
612
14
753
922
737
540
265
859
389
135
849
994
548
134
753
363
427
711
260
57
1022
835
103
198
437
126
766
716
883
768
584
431
519
859
240
758
585
547
280
446
722
133
89
260
502
67
582
671
169
986
693
289
455
392
447
547
691
872
719
927
14
521
789
424
965
889
451
972
888
439
920
407
985
373
277
931
222
903
844
108
505
918
949
970
167
249
679
834
378
171
33
490
65
471
42
1024
812
827
312
405
965
829
431
559
928
273
28
712
766
957
518
338
926
771
398
469
979
569
583
315
725
70
920
655
666
454
897
242
121
413
724
93
128
339
138
721
218
380
30
271
240
625
637
847
876
787
479
279
666
417
911
332
958
512
458
546
324
396
850
158
822
390
558
929
829
593
282
678
618
160
892
326
786
290
255
193
802
190
540
820
140
967
401
175
220
522
806
360
682
118
383
870
855
548
726
780
294
166
115
251
859
114
299
488
379
301
383
971
140
265
13
514
180
277
935
160
804
26
140
311
305
525
78
327
159
589
78
636
901
766
978
222
551
753
860
484
160
37
22
716
453
190
305
776
698
532
171
606
853
117
596
534
798
463
426
711
768
225
624
450
992
953
83
444
502
545
236
986
243
855
224
936
82
242
793
60
450
801
963
808
605
741
329
188
721
759
993
966
598
267
166
61
892
307
735
678
380
979
84
632
675
134
991
257
585
708
877
808
303
179
51
27
280
894
493
531
679
341
231
200
618
412
660
510
921
513
189
747
924
543
62
130
540
244
346
188
360
730
970
421
65
830
201
603
76
508
180
692
250
54
728
468
757
400
946
648
404
112
766
412
833
776
844
202
967
535
349
288
894
643
448
317
660
873
214
872
240
679
651
841
2
766
976
816
25
10
970
428
746
839
659
555
777
86
1010
499
1000
352
1017
146
644
600
728
974
831
376
848
68
965
300
945
175
565
328
500
288
362
953
606
785
207
195
182
941
507
30
218
688
709
120
292
281
66
956
172
769
443
487
851
565
408
453
249
884
514
653
843
975
771
978
772
649
187
864
646
371
750
125
132
456
219
194
281
255
623
856
269
149
345
331
29
638
840
81
720
114
407
538
516
900
112
820
328
956
991
429
259
630
161
824
453
464
649
923
1017
620
810
576
321
570
362
17
149
581
442
187
499
60
834
921
16
104
426
200
233
608
936
532
311
585
487
573
773
433
1001
662
454
971
1
338
771
431
316
706
999
721
423
759
758
944
394
617
937
682
661
960
348
542
354
795
110
965
474
932
739
1
400
800
685
776
754
436
0
195
56
443
318
329
16
767
610
894
660
517
712
659
771
725
556
688
631
795
923
642
772
365
1011
876
948
674
700
686
483
83
449
249
454
342
914
727
454
249
213
105
227
481
945
112
723
266
792
1022
76
140
1010
376
90
386
220
715
708
697
487
171
620
520
443
35
297
614
537
226
901
179
739
772
726
393
73
47
466
365
948
386
4
539
591
995
193
469
28
200
783
192
134
879
685
980
448
5
419
276
948
