1024
771
275
321
317
571
825
352
325
147
164
519
12
973
640
147
341
528
385
938
10
861
833
792
629
188
856
925
17
200
485
394
853
849
736
335
235
252
287
95
794
545
919
482
702
584
625
864
899
539
203
994
717
786
62
258
383
116
932
483
136
532
928
651
930
466
977
745
921
319
225
656
702
643
538
424
186
438
501
357
64
331
286
1010
1001
732
928
33
696
833
707
446
361
602
719
20
110
846
636
454
860
819
594
698
997
327
457
980
842
340
24
142
557
572
670
349
968
268
814
304
940
762
44
964
450
774
162
602
548
87
246
310
559
811
338
1006
501
589
953
759
831
64
947
725
984
928
428
418
597
981
159
307
478
294
790
99
197
295
408
310
380
442
431
163
593
312
461
258
205
323
382
315
524
473
870
565
1000
53
680
565
931
330
505
313
775
958
753
37
362
495
732
171
776
77
787
943
487
432
895
316
928
461
73
359
108
320
612
185
247
719
526
133
970
961
266
569
146
43
782
842
748
716
291
169
846
155
878
468
731
199
557
839
627
923
392
472
959
406
813
83
408
526
1014
570
772
397
881
273
97
104
728
650
76
176
309
291
745
863
295
614
826
692
492
565
130
657
645
259
229
605
170
733
111
165
246
148
339
165
855
715
972
546
376
570
178
239
2
571
649
354
610
244
344
942
637
261
416
610
168
345
298
631
501
601
1016
347
290
301
701
899
628
88
124
723
597
741
776
188
586
950
690
869
417
227
815
971
911
669
337
692
309
320
411
330
402
213
735
708
266
344
877
27
654
724
1012
137
209
208
670
364
248
422
1023
530
322
434
730
901
282
523
786
798
399
893
810
538
661
38
971
997
249
704
915
235
405
769
7
197
109
185
650
20
228
999
766
555
929
762
606
757
778
585
690
901
788
551
783
1006
923
620
307
791
315
681
771
10
360
493
547
340
39
759
421
492
758
664
115
93
757
10
1024
568
273
567
951
930
768
18
583
557
978
396
424
865
565
690
536
918
947
174
998
1016
921
25
848
74
991
425
183
364
404
78
398
425
819
192
409
798
714
877
531
1023
434
888
1005
861
44
48
241
489
621
2
739
577
536
106
654
103
126
269
152
487
498
874
377
389
286
279
9
435
970
730
892
140
99
553
633
437
899
213
851
323
894
241
165
499
730
106
617
831
482
162
120
690
605
216
408
489
686
536
684
813
816
184
906
801
631
931
1018
294
179
456
420
961
149
172
747
257
368
180
494
586
132
111
304
128
321
1007
5
758
973
681
248
775
654
897
849
743
782
495
754
122
987
203
981
930
950
973
840
208
231
444
81
676
395
133
813
23
200
26
772
297
79
472
702
334
785
451
4
811
182
707
537
592
369
825
535
807
650
950
805
853
204
977
138
427
457
189
784
493
889
260
150
166
1018
636
832
384
544
487
673
794
650
92
988
373
427
644
130
113
780
242
95
535
102
917
471
91
482
312
335
776
919
523
712
365
732
949
597
846
292
594
100
482
816
161
762
169
282
26
789
484
803
215
73
750
763
361
826
1013
705
449
728
1024
865
680
938
2
145
108
908
662
351
445
566
691
413
353
490
637
14
385
496
417
97
35
171
929
11
486
986
471
353
589
1002
381
342
591
366
104
230
917
646
777
19
605
349
252
177
213
858
464
690
55
282
463
231
990
770
427
729
315
706
834
652
760
348
58
977
136
559
741
1009
40
699
74
702
671
713
943
797
191
455
343
367
436
224
178
644
275
253
790
702
50
773
311
789
937
921
289
263
154
12
958
372
270
982
556
698
330
943
542
986
809
8
917
171
873
307
144
722
128
5
350
787
784
985
250
958
77
831
175
848
577
232
794
322
368
344
51
317
158
293
925
432
517
103
924
201
734
552
883
1015
868
502
559
817
622
23
1007
373
255
261
945
314
211
780
321
794
6
760
596
959
787
42
830
886
882
421
980
521
375
1019
992
905
683
62
903
616
674
803
793
247
414
372
706
244
960
99
605
772
15
96
52
911
825
483
87
13
307
595
785
167
143
651
963
936
775
133
725
41
59
992
959
846
532
267
724
203
655
835
695
154
52
242
396
508
860
885
513
581
345
285
28
319
475
541
388
484
470
101
535
932
959
375
839
300
597
157
132
808
193
417
634
1
966
98
516
114
574
492
912
282
474
128
429
6
713
701
849
56
959
333
703
95
397
794
697
888
668
116
133
621
434
410
466
203
350
570
339
26
509
605
28
790
182
785
590
369
158
151
854
142
494
258
686
388
511
956
829
799
655
366
922
223
211
305
267
760
64
569
837
667
365
476
770
878
985
887
215
400
284
897
991
121
316
286
919
630
455
629
574
191
603
1021
