1024
305
398
601
734
335
773
199
979
341
702
992
910
48
965
816
398
980
759
32
317
525
574
600
259
525
504
173
229
567
150
886
226
683
660
680
901
404
479
523
912
647
423
116
493
55
244
402
806
526
549
761
115
654
131
794
209
789
23
916
457
884
567
591
1024
641
178
261
814
179
613
906
580
325
351
362
819
451
861
251
651
496
882
853
538
33
355
63
204
692
866
938
156
487
329
989
384
637
231
799
943
519
265
177
315
609
439
842
21
805
621
934
978
890
428
155
495
32
751
796
18
962
460
927
975
498
809
9
919
118
20
664
721
259
573
116
422
760
682
748
349
751
399
912
811
601
1007
651
962
989
1011
129
515
258
343
506
607
1013
331
808
117
591
810
232
555
219
648
458
210
949
60
164
962
846
36
703
267
646
314
181
789
168
658
427
445
360
1003
310
705
72
352
272
595
441
829
957
905
220
585
13
1010
336
603
279
1007
684
488
861
361
970
91
674
986
977
427
920
644
945
888
36
982
809
142
509
868
177
302
181
130
148
541
545
53
238
252
256
670
817
527
919
184
503
101
11
434
737
852
906
921
678
538
298
48
266
119
495
477
290
519
362
774
812
629
811
721
801
30
207
123
898
38
353
753
240
53
100
51
735
603
651
1022
355
437
737
693
576
692
302
1017
164
695
839
173
8
925
597
247
262
939
296
579
446
947
757
138
129
755
818
868
369
234
425
825
651
83
25
538
794
118
900
12
314
58
10
809
654
569
657
1022
811
945
710
228
102
21
590
414
135
909
79
695
953
419
502
77
240
974
791
260
4
876
352
20
183
886
332
52
509
714
788
249
648
42
503
188
405
228
400
582
233
217
782
501
820
766
138
644
916
543
690
557
331
248
664
649
249
404
150
417
465
419
791
321
2
220
928
700
995
402
739
764
380
477
850
246
286
881
643
289
288
337
378
58
820
664
870
390
972
844
905
271
326
823
378
493
108
529
23
933
389
393
50
958
514
383
116
836
753
357
256
815
143
853
499
519
546
452
1001
810
776
444
951
48
947
44
354
85
136
895
44
6
237
75
976
231
586
757
550
183
450
867
266
53
167
546
693
574
631
1002
4
463
113
493
715
231
107
199
472
403
352
290
99
165
76
309
914
663
625
250
1003
220
836
1000
1005
800
59
956
620
889
144
660
33
950
541
141
579
167
736
417
553
771
911
804
306
597
526
989
467
298
511
692
378
943
133
330
632
825
557
526
924
164
170
802
14
733
425
762
980
341
608
847
328
446
1020
338
871
442
155
944
150
163
266
752
612
187
788
539
481
973
360
782
251
94
828
784
1023
453
258
466
261
166
565
508
560
772
922
936
899
876
571
51
447
353
822
166
555
961
24
228
836
8
167
182
246
341
121
1010
8
624
514
580
854
96
457
592
59
1008
842
549
540
77
337
203
952
935
113
760
134
108
251
1000
927
827
722
272
560
616
213
819
74
832
623
292
118
509
96
200
622
514
922
181
960
282
29
269
81
888
155
203
228
673
799
481
56
114
700
491
860
519
190
569
230
568
61
912
528
900
350
445
943
569
453
878
269
634
285
77
479
310
892
278
775
462
996
260
537
768
808
382
776
820
96
644
482
444
301
621
414
621
63
448
841
502
594
554
669
294
619
503
602
264
267
689
645
501
135
1024
559
532
802
364
979
127
5
394
843
19
812
685
212
165
2
347
78
571
567
241
279
458
670
461
963
852
237
193
714
683
645
312
463
224
327
1022
50
175
82
221
337
836
19
327
311
967
95
207
470
106
629
946
284
288
10
781
122
1024
820
565
920
914
757
783
498
698
159
777
721
631
330
486
10
403
428
831
98
382
108
187
730
424
923
643
771
1016
195
301
587
884
891
513
131
159
874
57
950
691
993
104
590
154
909
519
915
332
459
381
969
939
925
401
667
825
677
295
947
780
886
925
865
505
463
773
249
346
311
749
59
34
491
610
318
434
824
733
1002
150
561
279
333
985
321
961
1023
578
122
937
907
750
589
516
495
922
520
73
217
378
427
433
109
541
432
676
555
163
195
444
307
413
236
745
588
1001
197
977
622
10
467
537
833
123
946
964
13
192
971
223
889
197
529
778
405
1019
491
808
978
1000
136
48
924
717
985
1016
147
363
373
544
185
474
913
116
860
71
489
85
952
377
777
930
160
758
947
403
199
244
357
555
166
649
730
932
783
560
126
307
393
578
663
840
501
185
675
641
154
818
855
814
785
529
962
915
977
950
19
901
793
33
821
345
818
736
8
434
964
501
276
916
711
1024
912
955
377
529
967
75
847
462
601
953
29
693
386
927
157
736
120
874
390
221
477
709
592
1017
99
920
465
138
